   0.25  0.194  1.15E+01 4.60E+01 4.60E+01 3.17E+00 8.26E+00 1.04E+01 9.57E+00 7.03E+00 4.26E+00 2.17E+00 9.40E-01 3.47E-01 1.10E-01 3.00E-02 7.03E-03 1.42E-03 2.49E-04 3.75E-05 4.91E-06 5.55E-07 5.44E-08 4.62E-09 3.40E-10 2.17E-11 1.20E-12 5.76E-14 2.40E-15 8.66E-17 2.72E-18 0.00E+00 0.00E+00 0.00E+00 0.00E+00 
   0.50  0.241  3.83E+01 1.07E+02 1.07E+02 5.98E+00 1.60E+01 2.13E+01 2.12E+01 1.73E+01 1.20E+01 7.21E+00 3.76E+00 1.72E+00 6.96E-01 2.48E-01 7.81E-02 2.18E-02 5.41E-03 1.19E-03 2.33E-04 4.05E-05 6.26E-06 8.63E-07 1.06E-07 1.16E-08 1.12E-09 9.74E-11 7.52E-12 5.18E-13 3.18E-14 1.74E-15 8.49E-17 3.69E-18 0.00E+00 
   0.75  0.307  9.12E+01 2.12E+02 2.12E+02 9.94E+00 2.71E+01 3.74E+01 3.93E+01 3.46E+01 2.63E+01 1.76E+01 1.04E+01 5.53E+00 2.63E+00 1.12E+00 4.32E-01 1.50E-01 4.72E-02 1.34E-02 3.45E-03 8.02E-04 1.69E-04 3.24E-05 5.61E-06 8.82E-07 1.26E-07 1.63E-08 1.91E-09 2.04E-10 1.97E-11 1.73E-12 1.38E-13 1.00E-14 6.61E-16 
   1.00  0.368  1.92E+02 4.03E+02 4.03E+02 1.63E+01 4.51E+01 6.39E+01 7.00E+01 6.48E+01 5.26E+01 3.81E+01 2.48E+01 1.46E+01 7.81E+00 3.81E+00 1.69E+00 6.90E-01 2.57E-01 8.78E-02 2.75E-02 7.91E-03 2.09E-03 5.06E-04 1.13E-04 2.30E-05 4.33E-06 7.49E-07 1.19E-07 1.74E-08 2.34E-09 2.90E-10 3.30E-11 3.46E-12 3.34E-13 
   1.25  0.387  3.83E+02 7.63E+02 7.63E+02 2.72E+01 7.58E+01 1.09E+02 1.24E+02 1.19E+02 1.02E+02 7.81E+01 5.45E+01 3.47E+01 2.03E+01 1.10E+01 5.44E+00 2.50E+00 1.06E+00 4.16E-01 1.51E-01 5.10E-02 1.59E-02 4.62E-03 1.24E-03 3.10E-04 7.20E-05 1.55E-05 3.10E-06 5.76E-07 9.94E-08 1.59E-08 2.38E-09 3.29E-10 4.24E-11 
   1.50  0.420  7.14E+02 1.32E+03 1.32E+03 4.21E+01 1.18E+02 1.74E+02 2.01E+02 2.00E+02 1.77E+02 1.42E+02 1.05E+02 7.13E+01 4.47E+01 2.61E+01 1.41E+01 7.11E+00 3.34E+00 1.46E+00 5.98E-01 2.28E-01 8.15E-02 2.72E-02 8.48E-03 2.47E-03 6.76E-04 1.73E-04 4.13E-05 9.26E-06 1.94E-06 3.82E-07 7.02E-08 1.21E-08 1.95E-09 
   1.75  0.463  1.26E+03 2.17E+03 2.17E+03 6.22E+01 1.76E+02 2.61E+02 3.08E+02 3.14E+02 2.87E+02 2.40E+02 1.85E+02 1.32E+02 8.76E+01 5.43E+01 3.15E+01 1.71E+01 8.72E+00 4.17E+00 1.87E+00 7.91E-01 3.14E-01 1.17E-01 4.12E-02 1.36E-02 4.25E-03 1.25E-03 3.45E-04 8.98E-05 2.20E-05 5.10E-06 1.11E-06 2.28E-07 4.42E-08 
   2.00  0.507  2.13E+03 3.49E+03 3.49E+03 9.13E+01 2.60E+02 3.90E+02 4.66E+02 4.85E+02 4.56E+02 3.93E+02 3.14E+02 2.33E+02 1.62E+02 1.06E+02 6.51E+01 3.76E+01 2.05E+01 1.05E+01 5.11E+00 2.34E+00 1.02E+00 4.16E-01 1.61E-01 5.92E-02 2.05E-02 6.75E-03 2.10E-03 6.19E-04 1.73E-04 4.57E-05 1.14E-05 2.72E-06 6.11E-07 
   2.25  0.518  3.55E+03 5.68E+03 5.68E+03 1.36E+02 3.90E+02 5.90E+02 7.14E+02 7.57E+02 7.26E+02 6.42E+02 5.28E+02 4.07E+02 2.94E+02 2.01E+02 1.29E+02 7.86E+01 4.53E+01 2.47E+01 1.28E+01 6.29E+00 2.93E+00 1.30E+00 5.46E-01 2.18E-01 8.30E-02 3.00E-02 1.03E-02 3.37E-03 1.05E-03 3.10E-04 8.72E-05 2.33E-05 5.95E-06 
   2.50  0.508  5.90E+03 9.42E+03 9.42E+03 2.09E+02 6.00E+02 9.15E+02 1.12E+03 1.20E+03 1.18E+03 1.06E+03 8.98E+02 7.12E+02 5.32E+02 3.76E+02 2.52E+02 1.60E+02 9.69E+01 5.57E+01 3.05E+01 1.59E+01 7.87E+00 3.72E+00 1.68E+00 7.23E-01 2.97E-01 1.16E-01 4.34E-02 1.55E-02 5.28E-03 1.72E-03 5.33E-04 1.58E-04 4.48E-05 
   2.75  0.465  1.02E+04 1.72E+04 1.72E+04 3.56E+02 1.02E+03 1.57E+03 1.94E+03 2.11E+03 2.10E+03 1.93E+03 1.67E+03 1.36E+03 1.04E+03 7.61E+02 5.28E+02 3.48E+02 2.19E+02 1.32E+02 7.55E+01 4.14E+01 2.17E+01 1.08E+01 5.19E+00 2.38E+00 1.04E+00 4.37E-01 1.76E-01 6.76E-02 2.49E-02 8.80E-03 2.97E-03 9.64E-04 2.99E-04 
   3.00  0.443  1.79E+04 3.06E+04 3.06E+04 5.92E+02 1.71E+03 2.63E+03 3.28E+03 3.61E+03 3.64E+03 3.41E+03 2.99E+03 2.49E+03 1.96E+03 1.47E+03 1.05E+03 7.17E+02 4.68E+02 2.92E+02 1.74E+02 9.97E+01 5.47E+01 2.88E+01 1.45E+01 7.02E+00 3.26E+00 1.45E+00 6.21E-01 2.55E-01 1.01E-01 3.81E-02 1.39E-02 4.86E-03 1.63E-03 
   3.25  0.587  2.86E+04 4.31E+04 4.31E+04 7.81E+02 2.26E+03 3.50E+03 4.39E+03 4.88E+03 4.98E+03 4.73E+03 4.23E+03 3.58E+03 2.88E+03 2.21E+03 1.62E+03 1.14E+03 7.68E+02 4.95E+02 3.07E+02 1.82E+02 1.04E+02 5.71E+01 3.02E+01 1.53E+01 7.47E+00 3.51E+00 1.59E+00 6.91E-01 2.89E-01 1.17E-01 4.53E-02 1.69E-02 6.10E-03 
   3.50  0.666  4.42E+04 6.21E+04 6.21E+04 1.06E+03 3.07E+03 4.78E+03 6.04E+03 6.77E+03 6.97E+03 6.71E+03 6.09E+03 5.24E+03 4.30E+03 3.38E+03 2.54E+03 1.83E+03 1.26E+03 8.39E+02 5.36E+02 3.30E+02 1.95E+02 1.11E+02 6.12E+01 3.24E+01 1.65E+01 8.14E+00 3.86E+00 1.77E+00 7.81E-01 3.33E-01 1.37E-01 5.43E-02 2.08E-02 
   3.75  0.699  6.84E+04 9.68E+04 9.68E+04 1.56E+03 4.54E+03 7.09E+03 9.01E+03 1.02E+04 1.06E+04 1.03E+04 9.46E+03 8.27E+03 6.91E+03 5.52E+03 4.23E+03 3.12E+03 2.21E+03 1.51E+03 9.91E+02 6.28E+02 3.84E+02 2.27E+02 1.29E+02 7.09E+01 3.77E+01 1.93E+01 9.57E+00 4.59E+00 2.12E+00 9.50E-01 4.11E-01 1.72E-01 6.95E-02 
   4.00  0.574  1.07E+05 1.53E+05 1.53E+05 2.34E+03 6.82E+03 1.07E+04 1.36E+04 1.55E+04 1.63E+04 1.60E+04 1.49E+04 1.32E+04 1.12E+04 9.08E+03 7.09E+03 5.33E+03 3.86E+03 2.70E+03 1.82E+03 1.18E+03 7.45E+02 4.53E+02 2.67E+02 1.52E+02 8.34E+01 4.44E+01 2.29E+01 1.14E+01 5.51E+00 2.57E+00 1.17E+00 5.11E-01 2.17E-01 
   4.25  0.545  1.67E+05 2.42E+05 2.42E+05 3.52E+03 1.03E+04 1.61E+04 2.07E+04 2.37E+04 2.50E+04 2.48E+04 2.33E+04 2.09E+04 1.80E+04 1.48E+04 1.18E+04 9.03E+03 6.67E+03 4.76E+03 3.28E+03 2.19E+03 1.41E+03 8.84E+02 5.35E+02 3.14E+02 1.78E+02 9.80E+01 5.23E+01 2.71E+01 1.36E+01 6.60E+00 3.11E+00 1.42E+00 6.32E-01 
   4.50  0.545  2.63E+05 3.83E+05 3.83E+05 5.31E+03 1.55E+04 2.44E+04 3.15E+04 3.62E+04 3.85E+04 3.85E+04 3.65E+04 3.32E+04 2.88E+04 2.41E+04 1.95E+04 1.52E+04 1.14E+04 8.29E+03 5.84E+03 3.98E+03 2.63E+03 1.69E+03 1.05E+03 6.31E+02 3.69E+02 2.09E+02 1.15E+02 6.16E+01 3.20E+01 1.61E+01 7.89E+00 3.75E+00 1.73E+00 
   4.75  0.545  4.14E+05 6.06E+05 6.06E+05 8.02E+03 2.34E+04 3.70E+04 4.79E+04 5.53E+04 5.92E+04 5.97E+04 5.72E+04 5.24E+04 4.61E+04 3.91E+04 3.19E+04 2.52E+04 1.93E+04 1.43E+04 1.02E+04 7.13E+03 4.81E+03 3.15E+03 2.01E+03 1.24E+03 7.44E+02 4.34E+02 2.46E+02 1.36E+02 7.26E+01 3.78E+01 1.91E+01 9.43E+00 4.51E+00 
   5.00  0.545  6.54E+05 9.58E+05 9.58E+05 1.21E+04 3.55E+04 5.62E+04 7.30E+04 8.47E+04 9.12E+04 9.25E+04 8.93E+04 8.26E+04 7.35E+04 6.30E+04 5.21E+04 4.18E+04 3.24E+04 2.44E+04 1.78E+04 1.26E+04 8.68E+03 5.81E+03 3.78E+03 2.39E+03 1.47E+03 8.78E+02 5.11E+02 2.89E+02 1.59E+02 8.55E+01 4.47E+01 2.27E+01 1.12E+01 
   5.50  0.545  1.85E+06 2.40E+06 2.40E+06 2.80E+04 8.19E+04 1.30E+05 1.70E+05 1.99E+05 2.16E+05 2.22E+05 2.18E+05 2.05E+05 1.85E+05 1.62E+05 1.37E+05 1.13E+05 8.97E+04 6.94E+04 5.22E+04 3.82E+04 2.72E+04 1.89E+04 1.28E+04 8.39E+03 5.38E+03 3.37E+03 2.05E+03 1.22E+03 7.07E+02 4.00E+02 2.20E+02 1.19E+02 6.23E+01 
   6.00  0.545  4.85E+06 5.99E+06 5.99E+06 6.48E+04 1.90E+05 3.04E+05 3.98E+05 4.69E+05 5.15E+05 5.34E+05 5.29E+05 5.04E+05 4.64E+05 4.13E+05 3.56E+05 2.98E+05 2.43E+05 1.93E+05 1.49E+05 1.12E+05 8.21E+04 5.87E+04 4.10E+04 2.79E+04 1.86E+04 1.21E+04 7.65E+03 4.74E+03 2.87E+03 1.69E+03 9.79E+02 5.53E+02 3.05E+02 
   6.50  0.545  1.23E+07 1.50E+07 1.50E+07 1.51E+05 4.44E+05 7.10E+05 9.36E+05 1.11E+06 1.23E+06 1.28E+06 1.29E+06 1.24E+06 1.16E+06 1.04E+06 9.15E+05 7.80E+05 6.48E+05 5.25E+05 4.14E+05 3.19E+05 2.40E+05 1.76E+05 1.27E+05 8.89E+04 6.10E+04 4.09E+04 2.68E+04 1.72E+04 1.08E+04 6.65E+03 4.00E+03 2.35E+03 1.36E+03 
   7.00  0.545  3.11E+07 3.75E+07 3.75E+07 3.53E+05 1.04E+06 1.67E+06 2.21E+06 2.63E+06 2.93E+06 3.09E+06 3.12E+06 3.04E+06 2.87E+06 2.62E+06 2.33E+06 2.02E+06 1.71E+06 1.41E+06 1.13E+06 8.90E+05 6.85E+05 5.15E+05 3.79E+05 2.73E+05 1.92E+05 1.33E+05 8.98E+04 5.95E+04 3.86E+04 2.45E+04 1.53E+04 9.32E+03 5.57E+03 
   7.50  0.545  7.79E+07 9.36E+07 9.36E+07 8.30E+05 2.45E+06 3.94E+06 5.22E+06 6.26E+06 7.00E+06 7.43E+06 7.57E+06 7.44E+06 7.09E+06 6.56E+06 5.91E+06 5.19E+06 4.45E+06 3.73E+06 3.05E+06 2.44E+06 1.92E+06 1.47E+06 1.11E+06 8.15E+05 5.88E+05 4.16E+05 2.89E+05 1.97E+05 1.31E+05 8.59E+04 5.52E+04 3.48E+04 2.15E+04 
   8.00  0.545  1.95E+08 2.34E+08 2.34E+08 1.96E+06 5.78E+06 9.31E+06 1.24E+07 1.49E+07 1.68E+07 1.79E+07 1.84E+07 1.82E+07 1.75E+07 1.64E+07 1.49E+07 1.32E+07 1.15E+07 9.77E+06 8.12E+06 6.61E+06 5.27E+06 4.12E+06 3.16E+06 2.38E+06 1.75E+06 1.27E+06 9.01E+05 6.28E+05 4.30E+05 2.89E+05 1.91E+05 1.24E+05 7.87E+04 
   8.50  0.545  4.88E+08 5.85E+08 5.85E+08 4.63E+06 1.37E+07 2.21E+07 2.95E+07 3.56E+07 4.02E+07 4.32E+07 4.46E+07 4.45E+07 4.31E+07 4.07E+07 3.74E+07 3.36E+07 2.95E+07 2.54E+07 2.14E+07 1.77E+07 1.43E+07 1.14E+07 8.87E+06 6.79E+06 5.10E+06 3.77E+06 2.73E+06 1.95E+06 1.36E+06 9.38E+05 6.34E+05 4.21E+05 2.75E+05 
   9.00  0.545  1.22E+09 1.46E+09 1.46E+09 1.10E+07 3.25E+07 5.25E+07 7.03E+07 8.51E+07 9.65E+07 1.04E+08 1.08E+08 1.09E+08 1.06E+08 1.01E+08 9.36E+07 8.49E+07 7.54E+07 6.56E+07 5.60E+07 4.68E+07 3.85E+07 3.10E+07 2.45E+07 1.91E+07 1.46E+07 1.10E+07 8.11E+06 5.89E+06 4.21E+06 2.96E+06 2.04E+06 1.39E+06 9.29E+05 
   9.50  0.545  3.05E+09 3.66E+09 3.66E+09 2.62E+07 7.73E+07 1.25E+08 1.68E+08 2.04E+08 2.32E+08 2.52E+08 2.63E+08 2.65E+08 2.61E+08 2.50E+08 2.34E+08 2.14E+08 1.92E+08 1.69E+08 1.45E+08 1.23E+08 1.02E+08 8.36E+07 6.71E+07 5.30E+07 4.11E+07 3.14E+07 2.36E+07 1.74E+07 1.27E+07 9.09E+06 6.40E+06 4.44E+06 3.04E+06 
  10.00  0.545  7.62E+09 9.15E+09 9.15E+09 6.24E+07 1.85E+08 2.99E+08 4.02E+08 4.90E+08 5.59E+08 6.08E+08 6.38E+08 6.48E+08 6.41E+08 6.18E+08 5.82E+08 5.37E+08 4.86E+08 4.31E+08 3.75E+08 3.21E+08 2.70E+08 2.23E+08 1.81E+08 1.45E+08 1.14E+08 8.85E+07 6.75E+07 5.07E+07 3.75E+07 2.73E+07 1.96E+07 1.39E+07 9.66E+06 
  11.00  0.545  6.48E+10 5.71E+10 5.71E+10 3.57E+08 1.06E+09 1.72E+09 2.32E+09 2.83E+09 3.25E+09 3.57E+09 3.77E+09 3.87E+09 3.86E+09 3.77E+09 3.59E+09 3.36E+09 3.09E+09 2.78E+09 2.47E+09 2.15E+09 1.84E+09 1.56E+09 1.29E+09 1.06E+09 8.54E+08 6.79E+08 5.32E+08 4.11E+08 3.13E+08 2.35E+08 1.74E+08 1.27E+08 9.14E+07 
  12.00  0.545  4.22E+11 3.57E+11 3.57E+11 2.05E+09 6.09E+09 9.92E+09 1.34E+10 1.65E+10 1.90E+10 2.10E+10 2.23E+10 2.31E+10 2.32E+10 2.29E+10 2.21E+10 2.09E+10 1.94E+10 1.78E+10 1.60E+10 1.41E+10 1.23E+10 1.06E+10 8.97E+09 7.49E+09 6.16E+09 5.01E+09 4.01E+09 3.17E+09 2.47E+09 1.91E+09 1.45E+09 1.09E+09 8.05E+08 
  13.00  0.545  2.65E+12 2.23E+12 2.23E+12 1.19E+10 3.53E+10 5.76E+10 7.82E+10 9.63E+10 1.12E+11 1.24E+11 1.32E+11 1.38E+11 1.40E+11 1.39E+11 1.35E+11 1.29E+11 1.22E+11 1.12E+11 1.02E+11 9.18E+10 8.12E+10 7.08E+10 6.09E+10 5.17E+10 4.33E+10 3.58E+10 2.93E+10 2.36E+10 1.88E+10 1.48E+10 1.15E+10 8.84E+09 6.71E+09 
  14.00  0.545  1.67E+13 1.40E+13 1.40E+13 6.98E+10 2.07E+11 3.39E+11 4.60E+11 5.68E+11 6.61E+11 7.36E+11 7.92E+11 8.29E+11 8.47E+11 8.47E+11 8.31E+11 8.02E+11 7.61E+11 7.10E+11 6.54E+11 5.94E+11 5.31E+11 4.69E+11 4.09E+11 3.53E+11 3.00E+11 2.52E+11 2.09E+11 1.72E+11 1.39E+11 1.12E+11 8.86E+10 6.95E+10 5.39E+10 
  15.00  0.545  1.05E+14 8.81E+13 8.81E+13 4.11E+11 1.22E+12 2.00E+12 2.72E+12 3.37E+12 3.93E+12 4.39E+12 4.75E+12 4.99E+12 5.13E+12 5.16E+12 5.10E+12 4.96E+12 4.74E+12 4.47E+12 4.15E+12 3.81E+12 3.45E+12 3.08E+12 2.72E+12 2.37E+12 2.04E+12 1.74E+12 1.47E+12 1.22E+12 1.01E+12 8.21E+11 6.62E+11 5.28E+11 4.17E+11 
  16.00  0.545  6.58E+14 5.54E+14 5.54E+14 2.43E+12 7.22E+12 1.18E+13 1.61E+13 2.00E+13 2.34E+13 2.63E+13 2.85E+13 3.01E+13 3.11E+13 3.15E+13 3.13E+13 3.06E+13 2.95E+13 2.80E+13 2.62E+13 2.43E+13 2.22E+13 2.00E+13 1.79E+13 1.57E+13 1.37E+13 1.18E+13 1.01E+13 8.54E+12 7.13E+12 5.90E+12 4.83E+12 3.91E+12 3.14E+12 
  17.00  0.545  4.14E+15 3.48E+15 3.48E+15 1.44E+13 4.28E+13 7.02E+13 9.59E+13 1.19E+14 1.40E+14 1.57E+14 1.71E+14 1.82E+14 1.88E+14 1.92E+14 1.92E+14 1.89E+14 1.83E+14 1.75E+14 1.65E+14 1.54E+14 1.42E+14 1.29E+14 1.16E+14 1.04E+14 9.12E+13 7.96E+13 6.87E+13 5.87E+13 4.96E+13 4.16E+13 3.45E+13 2.84E+13 2.31E+13 
  18.00  0.545  2.60E+16 2.18E+16 2.18E+16 8.56E+13 2.55E+14 4.18E+14 5.72E+14 7.12E+14 8.37E+14 9.44E+14 1.03E+15 1.10E+15 1.14E+15 1.17E+15 1.17E+15 1.16E+15 1.13E+15 1.09E+15 1.03E+15 9.72E+14 9.02E+14 8.28E+14 7.52E+14 6.75E+14 6.01E+14 5.29E+14 4.61E+14 3.98E+14 3.41E+14 2.89E+14 2.42E+14 2.02E+14 1.66E+14 
  19.00  0.545  1.63E+17 1.37E+17 1.37E+17 5.10E+14 1.52E+15 2.50E+15 3.42E+15 4.26E+15 5.02E+15 5.67E+15 6.21E+15 6.64E+15 6.94E+15 7.11E+15 7.18E+15 7.14E+15 6.99E+15 6.77E+15 6.47E+15 6.11E+15 5.71E+15 5.28E+15 4.83E+15 4.38E+15 3.92E+15 3.49E+15 3.07E+15 2.67E+15 2.31E+15 1.98E+15 1.68E+15 1.41E+15 1.18E+15 
  20.00  0.545  1.02E+18 8.61E+17 8.61E+17 3.05E+15 9.08E+15 1.49E+16 2.05E+16 2.56E+16 3.02E+16 3.42E+16 3.75E+16 4.02E+16 4.21E+16 4.34E+16 4.39E+16 4.38E+16 4.32E+16 4.20E+16 4.04E+16 3.84E+16 3.61E+16 3.35E+16 3.09E+16 2.82E+16 2.55E+16 2.28E+16 2.02E+16 1.78E+16 1.55E+16 1.34E+16 1.15E+16 9.76E+15 8.22E+15 
  22.50  0.545  2.13E+20 8.48E+19 8.48E+19 2.68E+17 8.00E+17 1.32E+18 1.81E+18 2.27E+18 2.68E+18 3.05E+18 3.37E+18 3.63E+18 3.84E+18 3.98E+18 4.06E+18 4.09E+18 4.07E+18 4.00E+18 3.89E+18 3.74E+18 3.56E+18 3.36E+18 3.14E+18 2.91E+18 2.67E+18 2.43E+18 2.20E+18 1.97E+18 1.75E+18 1.54E+18 1.35E+18 1.17E+18 1.01E+18 
  25.00  0.545  2.11E+22 8.35E+21 8.35E+21 2.39E+19 7.12E+19 1.17E+20 1.61E+20 2.03E+20 2.41E+20 2.75E+20 3.05E+20 3.30E+20 3.50E+20 3.66E+20 3.76E+20 3.82E+20 3.83E+20 3.80E+20 3.72E+20 3.62E+20 3.48E+20 3.32E+20 3.14E+20 2.94E+20 2.74E+20 2.53E+20 2.31E+20 2.10E+20 1.90E+20 1.70E+20 1.51E+20 1.33E+20 1.17E+20 
  30.00  0.545  4.03E+26 8.05E+25 8.05E+25 1.93E+23 5.76E+23 9.50E+23 1.31E+24 1.65E+24 1.97E+24 2.27E+24 2.53E+24 2.76E+24 2.95E+24 3.11E+24 3.23E+24 3.32E+24 3.37E+24 3.38E+24 3.36E+24 3.32E+24 3.24E+24 3.14E+24 3.03E+24 2.89E+24 2.74E+24 2.58E+24 2.41E+24 2.24E+24 2.07E+24 1.90E+24 1.73E+24 1.57E+24 1.42E+24 
