0.0
134.244
206.2473	
303.36
388.63
508.53
511.768
581.99
589.143
603.47
618.369
625.516
647.26
685.795
718.73
744.84	
767.8
772.876
792.61
816.562
817.0
826.84
839.55
842.00
844.7
864.556
879.465
933.62
948
960.17
969.3
979 3
1000.93
1003.14
1015.13
1034.11
1042.56
1079 3
1106.75
1126
1163
1190.45
1200 3
1209.5
1220.80
1230.12
1232.5
1257.21
1266
1286
1310.04
1319.00
1343
1383.55
1423
1458
1474.33
1487
1506
1510.94
1546
1608
1638.84
1640
1650
1661
1673.94
1681.63
1683
1713
1736
1789
1790
1808
1836
1870.53
1876
1905
1922
1948
1963
1981.74
1990
2109
2199.63