   0.25  0.154  3.38E+00 1.35E+01 1.35E+01 1.87E+00 2.99E+00 3.09E+00 2.45E+00 1.57E+00 8.30E-01 3.68E-01 1.38E-01 4.38E-02 1.18E-02 2.73E-03 5.38E-04 9.07E-05 1.31E-05 1.62E-06 1.73E-07 1.57E-08 1.23E-09 8.30E-11 4.80E-12 2.39E-13 1.02E-14 3.75E-16 1.19E-17 3.23E-19 0.00E+00 0.00E+00 0.00E+00 0.00E+00 0.00E+00 
   0.50  0.249  1.02E+01 2.73E+01 2.73E+01 3.23E+00 5.35E+00 5.86E+00 5.03E+00 3.57E+00 2.14E+00 1.10E+00 4.89E-01 1.89E-01 6.33E-02 1.86E-02 4.76E-03 1.07E-03 2.10E-04 3.62E-05 5.48E-06 7.28E-07 8.50E-08 8.73E-09 7.88E-10 6.25E-11 4.37E-12 2.68E-13 1.45E-14 6.90E-16 2.89E-17 1.06E-18 0.00E+00 0.00E+00 0.00E+00 
   0.75  0.347  2.30E+01 5.13E+01 5.13E+01 5.30E+00 9.01E+00 1.03E+01 9.35E+00 7.15E+00 4.71E+00 2.70E+00 1.36E+00 6.05E-01 2.38E-01 8.32E-02 2.58E-02 7.15E-03 1.76E-03 3.87E-04 7.60E-05 1.33E-05 2.09E-06 2.92E-07 3.65E-08 4.09E-09 4.09E-10 3.66E-11 2.94E-12 2.11E-13 1.35E-14 7.77E-16 4.00E-17 1.84E-18 0.00E+00 
   1.00  0.428  4.57E+01 9.08E+01 9.08E+01 8.34E+00 1.44E+01 1.70E+01 1.62E+01 1.31E+01 9.26E+00 5.77E+00 3.20E+00 1.59E+00 7.06E-01 2.82E-01 1.02E-01 3.30E-02 9.67E-03 2.56E-03 6.13E-04 1.33E-04 2.60E-05 4.61E-06 7.41E-07 1.08E-07 1.42E-08 1.70E-09 1.84E-10 1.81E-11 1.61E-12 1.30E-13 9.50E-15 6.30E-16 3.80E-17 
   1.25  0.438  8.45E+01 1.55E+02 1.55E+02 1.28E+01 2.25E+01 2.72E+01 2.68E+01 2.28E+01 1.70E+01 1.13E+01 6.77E+00 3.66E+00 1.79E+00 7.96E-01 3.22E-01 1.19E-01 3.99E-02 1.22E-02 3.42E-03 8.76E-04 2.05E-04 4.39E-05 8.59E-06 1.54E-06 2.52E-07 3.78E-08 5.20E-09 6.54E-10 7.53E-11 7.95E-12 7.69E-13 6.81E-14 5.53E-15 
   1.50  0.502  1.46E+02 2.46E+02 2.46E+02 1.85E+01 3.29E+01 4.05E+01 4.11E+01 3.62E+01 2.83E+01 1.98E+01 1.26E+01 7.32E+00 3.87E+00 1.88E+00 8.34E-01 3.41E-01 1.28E-01 4.41E-02 1.40E-02 4.11E-03 1.11E-03 2.77E-04 6.35E-05 1.35E-05 2.63E-06 4.75E-07 7.91E-08 1.22E-08 1.73E-09 2.27E-10 2.75E-11 3.07E-12 3.18E-13 
   1.75  0.522  2.44E+02 3.92E+02 3.92E+02 2.70E+01 4.85E+01 6.09E+01 6.33E+01 5.74E+01 4.65E+01 3.41E+01 2.29E+01 1.40E+01 7.92E+00 4.12E+00 1.98E+00 8.80E-01 3.62E-01 1.38E-01 4.87E-02 1.60E-02 4.85E-03 1.37E-03 3.59E-04 8.74E-05 1.98E-05 4.15E-06 8.11E-07 1.47E-07 2.49E-08 3.91E-09 5.70E-10 7.74E-11 9.77E-12 
   2.00  0.545  4.01E+02 6.27E+02 6.27E+02 3.98E+01 7.22E+01 9.19E+01 9.74E+01 9.06E+01 7.58E+01 5.77E+01 4.03E+01 2.60E+01 1.55E+01 8.55E+00 4.39E+00 2.09E+00 9.30E-01 3.85E-01 1.48E-01 5.34E-02 1.79E-02 5.63E-03 1.65E-03 4.51E-04 1.15E-04 2.75E-05 6.15E-06 1.28E-06 2.51E-07 4.58E-08 7.81E-09 1.25E-09 1.86E-10 
   2.25  0.508  6.64E+02 1.05E+03 1.05E+03 6.21E+01 1.13E+02 1.46E+02 1.57E+02 1.50E+02 1.29E+02 1.01E+02 7.33E+01 4.92E+01 3.07E+01 1.78E+01 9.67E+00 4.90E+00 2.33E+00 1.03E+00 4.30E-01 1.68E-01 6.13E-02 2.10E-02 6.77E-03 2.04E-03 5.80E-04 1.55E-04 3.87E-05 9.10E-06 2.01E-06 4.17E-07 8.14E-08 1.49E-08 2.57E-09 
   2.50  0.488  1.12E+03 1.81E+03 1.81E+03 9.95E+01 1.83E+02 2.38E+02 2.60E+02 2.52E+02 2.22E+02 1.79E+02 1.34E+02 9.32E+01 6.05E+01 3.68E+01 2.09E+01 1.12E+01 5.61E+00 2.65E+00 1.17E+00 4.91E-01 1.93E-01 7.15E-02 2.50E-02 8.23E-03 2.55E-03 7.48E-04 2.07E-04 5.38E-05 1.32E-05 3.07E-06 6.72E-07 1.39E-07 2.70E-08 
   2.75  0.477  1.87E+03 3.00E+03 3.00E+03 1.55E+02 2.85E+02 3.75E+02 4.16E+02 4.09E+02 3.67E+02 3.04E+02 2.33E+02 1.67E+02 1.13E+02 7.10E+01 4.22E+01 2.36E+01 1.24E+01 6.18E+00 2.90E+00 1.29E+00 5.40E-01 2.14E-01 8.03E-02 2.85E-02 9.57E-03 3.04E-03 9.15E-04 2.61E-04 7.03E-05 1.80E-05 4.34E-06 9.96E-07 2.16E-07 
   3.00  0.474  3.15E+03 5.13E+03 5.13E+03 2.49E+02 4.62E+02 6.12E+02 6.86E+02 6.85E+02 6.25E+02 5.28E+02 4.16E+02 3.07E+02 2.12E+02 1.39E+02 8.54E+01 4.97E+01 2.73E+01 1.42E+01 7.03E+00 3.29E+00 1.46E+00 6.14E-01 2.45E-01 9.28E-02 3.34E-02 1.14E-02 3.70E-03 1.14E-03 3.34E-04 9.28E-05 2.45E-05 6.16E-06 1.47E-06 
   3.25  0.632  4.94E+03 7.18E+03 7.18E+03 3.29E+02 6.13E+02 8.17E+02 9.25E+02 9.36E+02 8.68E+02 7.47E+02 6.00E+02 4.53E+02 3.23E+02 2.17E+02 1.38E+02 8.32E+01 4.76E+01 2.58E+01 1.33E+01 6.54E+00 3.05E+00 1.35E+00 5.70E-01 2.29E-01 8.75E-02 3.19E-02 1.10E-02 3.65E-03 1.15E-03 3.44E-04 9.83E-05 2.68E-05 6.95E-06 
   3.50  0.645  7.65E+03 1.08E+04 1.08E+04 4.70E+02 8.79E+02 1.18E+03 1.35E+03 1.38E+03 1.30E+03 1.13E+03 9.30E+02 7.18E+02 5.23E+02 3.61E+02 2.37E+02 1.47E+02 8.71E+01 4.91E+01 2.63E+01 1.35E+01 6.56E+00 3.05E+00 1.35E+00 5.71E-01 2.31E-01 8.89E-02 3.27E-02 1.15E-02 3.86E-03 1.24E-03 3.79E-04 1.11E-04 3.10E-05 
   3.75  0.675  1.19E+04 1.71E+04 1.71E+04 7.06E+02 1.33E+03 1.79E+03 2.06E+03 2.13E+03 2.03E+03 1.80E+03 1.50E+03 1.18E+03 8.79E+02 6.22E+02 4.18E+02 2.68E+02 1.63E+02 9.51E+01 5.28E+01 2.80E+01 1.42E+01 6.89E+00 3.19E+00 1.41E+00 6.00E-01 2.43E-01 9.44E-02 3.51E-02 1.25E-02 4.25E-03 1.39E-03 4.32E-04 1.29E-04 
   4.00  0.545  1.87E+04 2.71E+04 2.71E+04 1.06E+03 2.00E+03 2.72E+03 3.15E+03 3.29E+03 3.17E+03 2.85E+03 2.41E+03 1.93E+03 1.47E+03 1.06E+03 7.29E+02 4.79E+02 3.00E+02 1.80E+02 1.03E+02 5.67E+01 2.98E+01 1.50E+01 7.24E+00 3.34E+00 1.48E+00 6.29E-01 2.56E-01 1.00E-01 3.75E-02 1.35E-02 4.66E-03 1.54E-03 4.89E-04 
   4.25  0.545  2.94E+04 4.29E+04 4.29E+04 1.60E+03 3.03E+03 4.13E+03 4.82E+03 5.08E+03 4.94E+03 4.49E+03 3.86E+03 3.14E+03 2.43E+03 1.79E+03 1.26E+03 8.45E+02 5.44E+02 3.35E+02 1.98E+02 1.12E+02 6.08E+01 3.17E+01 1.58E+01 7.60E+00 3.51E+00 1.55E+00 6.61E-01 2.70E-01 1.06E-01 4.01E-02 1.46E-02 5.08E-03 1.70E-03 
   4.50  0.545  4.64E+04 6.78E+04 6.78E+04 2.43E+03 4.60E+03 6.29E+03 7.39E+03 7.83E+03 7.69E+03 7.08E+03 6.16E+03 5.08E+03 3.99E+03 2.99E+03 2.15E+03 1.47E+03 9.70E+02 6.13E+02 3.71E+02 2.16E+02 1.21E+02 6.50E+01 3.36E+01 1.67E+01 7.98E+00 3.67E+00 1.63E+00 6.93E-01 2.84E-01 1.12E-01 4.27E-02 1.57E-02 5.52E-03 
   4.75  0.545  7.32E+04 1.07E+05 1.07E+05 3.68E+03 6.98E+03 9.60E+03 1.13E+04 1.21E+04 1.20E+04 1.11E+04 9.79E+03 8.19E+03 6.53E+03 4.98E+03 3.63E+03 2.54E+03 1.71E+03 1.10E+03 6.85E+02 4.09E+02 2.35E+02 1.30E+02 6.93E+01 3.56E+01 1.76E+01 8.38E+00 3.85E+00 1.70E+00 7.28E-01 2.99E-01 1.19E-01 4.55E-02 1.68E-02 
   5.00  0.545  1.16E+05 1.69E+05 1.69E+05 5.58E+03 1.06E+04 1.46E+04 1.74E+04 1.87E+04 1.86E+04 1.75E+04 1.55E+04 1.32E+04 1.06E+04 8.23E+03 6.11E+03 4.35E+03 2.98E+03 1.97E+03 1.25E+03 7.63E+02 4.49E+02 2.55E+02 1.40E+02 7.39E+01 3.77E+01 1.85E+01 8.80E+00 4.03E+00 1.79E+00 7.63E-01 3.15E-01 1.26E-01 4.84E-02 
   5.50  0.545  3.27E+05 4.24E+05 4.24E+05 1.29E+04 2.47E+04 3.43E+04 4.10E+04 4.46E+04 4.51E+04 4.30E+04 3.90E+04 3.37E+04 2.79E+04 2.22E+04 1.69E+04 1.25E+04 8.83E+03 6.04E+03 3.99E+03 2.54E+03 1.56E+03 9.31E+02 5.36E+02 2.98E+02 1.60E+02 8.36E+01 4.21E+01 2.05E+01 9.70E+00 4.43E+00 1.96E+00 8.40E-01 3.49E-01 
   6.00  0.545  8.57E+05 1.06E+06 1.06E+06 3.01E+04 5.76E+04 8.04E+04 9.70E+04 1.06E+05 1.09E+05 1.06E+05 9.72E+04 8.56E+04 7.23E+04 5.88E+04 4.61E+04 3.48E+04 2.54E+04 1.79E+04 1.22E+04 8.09E+03 5.17E+03 3.20E+03 1.92E+03 1.12E+03 6.31E+02 3.45E+02 1.83E+02 9.42E+01 4.70E+01 2.27E+01 1.07E+01 4.87E+00 2.15E+00 
   6.50  0.545  2.18E+06 2.65E+06 2.65E+06 7.04E+04 1.35E+05 1.90E+05 2.30E+05 2.55E+05 2.64E+05 2.58E+05 2.41E+05 2.16E+05 1.86E+05 1.54E+05 1.23E+05 9.54E+04 7.14E+04 5.18E+04 3.64E+04 2.48E+04 1.64E+04 1.05E+04 6.56E+03 3.96E+03 2.33E+03 1.33E+03 7.37E+02 3.97E+02 2.08E+02 1.06E+02 5.23E+01 2.52E+01 1.18E+01 
   7.00  0.545  5.50E+06 6.63E+06 6.63E+06 1.65E+05 3.18E+05 4.48E+05 5.47E+05 6.10E+05 6.37E+05 6.31E+05 5.97E+05 5.42E+05 4.73E+05 3.99E+05 3.26E+05 2.57E+05 1.97E+05 1.46E+05 1.06E+05 7.40E+04 5.03E+04 3.33E+04 2.14E+04 1.34E+04 8.16E+03 4.83E+03 2.78E+03 1.56E+03 8.53E+02 4.54E+02 2.35E+02 1.18E+02 5.82E+01 
   7.50  0.545  1.38E+07 1.66E+07 1.66E+07 3.90E+05 7.52E+05 1.06E+06 1.30E+06 1.46E+06 1.54E+06 1.54E+06 1.47E+06 1.35E+06 1.20E+06 1.03E+06 8.53E+05 6.86E+05 5.36E+05 4.07E+05 3.00E+05 2.15E+05 1.50E+05 1.02E+05 6.76E+04 4.36E+04 2.74E+04 1.68E+04 1.00E+04 5.81E+03 3.30E+03 1.82E+03 9.82E+02 5.16E+02 2.65E+02 
   8.00  0.545  3.45E+07 4.14E+07 4.14E+07 9.21E+05 1.78E+06 2.53E+06 3.11E+06 3.52E+06 3.73E+06 3.76E+06 3.63E+06 3.37E+06 3.03E+06 2.63E+06 2.21E+06 1.81E+06 1.44E+06 1.11E+06 8.38E+05 6.14E+05 4.39E+05 3.05E+05 2.07E+05 1.37E+05 8.87E+04 5.59E+04 3.44E+04 2.06E+04 1.21E+04 6.92E+03 3.87E+03 2.11E+03 1.12E+03 
   8.50  0.545  8.63E+07 1.04E+08 1.04E+08 2.19E+06 4.23E+06 6.02E+06 7.45E+06 8.46E+06 9.03E+06 9.17E+06 8.93E+06 8.38E+06 7.60E+06 6.69E+06 5.71E+06 4.74E+06 3.83E+06 3.01E+06 2.31E+06 1.72E+06 1.26E+06 8.94E+05 6.21E+05 4.21E+05 2.79E+05 1.80E+05 1.14E+05 7.05E+04 4.26E+04 2.51E+04 1.45E+04 8.17E+03 4.51E+03 
   9.00  0.545  2.16E+08 2.59E+08 2.59E+08 5.20E+06 1.01E+07 1.44E+07 1.79E+07 2.04E+07 2.19E+07 2.24E+07 2.20E+07 2.08E+07 1.90E+07 1.69E+07 1.46E+07 1.23E+07 1.01E+07 8.05E+06 6.27E+06 4.77E+06 3.54E+06 2.57E+06 1.82E+06 1.26E+06 8.55E+05 5.67E+05 3.67E+05 2.33E+05 1.44E+05 8.76E+04 5.20E+04 3.02E+04 1.72E+04 
   9.50  0.545  5.39E+08 6.47E+08 6.47E+08 1.24E+07 2.41E+07 3.44E+07 4.29E+07 4.91E+07 5.30E+07 5.45E+07 5.39E+07 5.15E+07 4.76E+07 4.27E+07 3.73E+07 3.18E+07 2.64E+07 2.13E+07 1.69E+07 1.30E+07 9.85E+06 7.27E+06 5.25E+06 3.71E+06 2.57E+06 1.74E+06 1.15E+06 7.47E+05 4.75E+05 2.95E+05 1.80E+05 1.08E+05 6.29E+04 
  10.00  0.545  1.35E+09 1.62E+09 1.62E+09 2.96E+07 5.75E+07 8.24E+07 1.03E+08 1.19E+08 1.29E+08 1.33E+08 1.32E+08 1.27E+08 1.19E+08 1.08E+08 9.49E+07 8.16E+07 6.85E+07 5.62E+07 4.50E+07 3.53E+07 2.71E+07 2.03E+07 1.49E+07 1.07E+07 7.56E+06 5.22E+06 3.53E+06 2.34E+06 1.52E+06 9.68E+05 6.04E+05 3.70E+05 2.22E+05 
  11.00  0.545  1.15E+10 1.01E+10 1.01E+10 1.70E+08 3.31E+08 4.76E+08 5.98E+08 6.93E+08 7.57E+08 7.91E+08 7.97E+08 7.76E+08 7.34E+08 6.76E+08 6.07E+08 5.32E+08 4.56E+08 3.82E+08 3.14E+08 2.52E+08 1.98E+08 1.53E+08 1.16E+08 8.60E+07 6.26E+07 4.47E+07 3.14E+07 2.16E+07 1.46E+07 9.66E+06 6.29E+06 4.02E+06 2.52E+06 
  12.00  0.545  7.46E+10 6.32E+10 6.32E+10 9.80E+08 1.92E+09 2.76E+09 3.49E+09 4.06E+09 4.47E+09 4.71E+09 4.79E+09 4.72E+09 4.52E+09 4.22E+09 3.84E+09 3.43E+09 2.99E+09 2.55E+09 2.14E+09 1.75E+09 1.41E+09 1.12E+09 8.66E+08 6.60E+08 4.94E+08 3.63E+08 2.62E+08 1.86E+08 1.30E+08 8.92E+07 6.02E+07 3.99E+07 2.60E+07 
  13.00  0.545  4.69E+11 3.95E+11 3.95E+11 5.69E+09 1.11E+10 1.61E+10 2.04E+10 2.39E+10 2.65E+10 2.81E+10 2.88E+10 2.87E+10 2.77E+10 2.62E+10 2.42E+10 2.18E+10 1.93E+10 1.68E+10 1.43E+10 1.19E+10 9.80E+09 7.91E+09 6.27E+09 4.89E+09 3.75E+09 2.82E+09 2.09E+09 1.53E+09 1.10E+09 7.75E+08 5.39E+08 3.69E+08 2.49E+08 
  14.00  0.545  2.95E+12 2.48E+12 2.48E+12 3.34E+10 6.55E+10 9.50E+10 1.21E+11 1.42E+11 1.58E+11 1.69E+11 1.74E+11 1.75E+11 1.71E+11 1.63E+11 1.52E+11 1.39E+11 1.25E+11 1.10E+11 9.48E+10 8.05E+10 6.72E+10 5.52E+10 4.46E+10 3.55E+10 2.77E+10 2.14E+10 1.62E+10 1.21E+10 8.91E+09 6.46E+09 4.61E+09 3.24E+09 2.25E+09 
  15.00  0.545  1.85E+13 1.56E+13 1.56E+13 1.97E+11 3.87E+11 5.62E+11 7.17E+11 8.46E+11 9.47E+11 1.02E+12 1.06E+12 1.07E+12 1.05E+12 1.01E+12 9.52E+11 8.80E+11 7.98E+11 7.11E+11 6.22E+11 5.36E+11 4.54E+11 3.79E+11 3.11E+11 2.52E+11 2.01E+11 1.57E+11 1.22E+11 9.29E+10 6.98E+10 5.17E+10 3.78E+10 2.72E+10 1.94E+10 
  16.00  0.545  1.17E+14 9.80E+13 9.80E+13 1.17E+12 2.29E+12 3.34E+12 4.27E+12 5.05E+12 5.68E+12 6.13E+12 6.40E+12 6.50E+12 6.45E+12 6.25E+12 5.94E+12 5.54E+12 5.08E+12 4.57E+12 4.05E+12 3.53E+12 3.03E+12 2.56E+12 2.14E+12 1.75E+12 1.42E+12 1.13E+12 8.93E+11 6.93E+11 5.31E+11 4.01E+11 2.99E+11 2.20E+11 1.60E+11 
  17.00  0.545  7.32E+14 6.15E+14 6.15E+14 6.93E+12 1.36E+13 1.99E+13 2.55E+13 3.03E+13 3.41E+13 3.70E+13 3.88E+13 3.97E+13 3.96E+13 3.86E+13 3.70E+13 3.48E+13 3.22E+13 2.92E+13 2.62E+13 2.31E+13 2.00E+13 1.71E+13 1.45E+13 1.20E+13 9.89E+12 8.01E+12 6.41E+12 5.06E+12 3.94E+12 3.03E+12 2.30E+12 1.73E+12 1.28E+12 
  18.00  0.545  4.60E+15 3.86E+15 3.86E+15 4.13E+13 8.12E+13 1.19E+14 1.52E+14 1.81E+14 2.05E+14 2.23E+14 2.35E+14 2.42E+14 2.43E+14 2.38E+14 2.30E+14 2.18E+14 2.03E+14 1.86E+14 1.68E+14 1.50E+14 1.31E+14 1.14E+14 9.69E+13 8.17E+13 6.79E+13 5.58E+13 4.52E+13 3.62E+13 2.87E+13 2.24E+13 1.73E+13 1.32E+13 9.93E+12 
  19.00  0.545  2.89E+16 2.43E+16 2.43E+16 2.46E+14 4.85E+14 7.09E+14 9.12E+14 1.09E+15 1.24E+15 1.35E+15 1.43E+15 1.47E+15 1.49E+15 1.47E+15 1.42E+15 1.36E+15 1.28E+15 1.18E+15 1.07E+15 9.64E+14 8.53E+14 7.46E+14 6.44E+14 5.48E+14 4.61E+14 3.83E+14 3.15E+14 2.55E+14 2.05E+14 1.62E+14 1.27E+14 9.84E+13 7.53E+13 
  20.00  0.545  1.81E+17 1.52E+17 1.52E+17 1.47E+15 2.90E+15 4.25E+15 5.48E+15 6.55E+15 7.45E+15 8.16E+15 8.67E+15 8.99E+15 9.10E+15 9.04E+15 8.82E+15 8.46E+15 7.99E+15 7.44E+15 6.83E+15 6.18E+15 5.52E+15 4.87E+15 4.24E+15 3.65E+15 3.10E+15 2.60E+15 2.16E+15 1.78E+15 1.44E+15 1.16E+15 9.18E+14 7.21E+14 5.60E+14 
  22.50  0.545  3.77E+19 1.50E+19 1.50E+19 1.30E+17 2.56E+17 3.76E+17 4.87E+17 5.85E+17 6.69E+17 7.38E+17 7.90E+17 8.26E+17 8.45E+17 8.48E+17 8.37E+17 8.14E+17 7.79E+17 7.36E+17 6.86E+17 6.32E+17 5.75E+17 5.16E+17 4.59E+17 4.03E+17 3.50E+17 3.01E+17 2.56E+17 2.16E+17 1.80E+17 1.48E+17 1.21E+17 9.79E+16 7.84E+16 
  25.00  0.545  3.73E+21 1.48E+21 1.48E+21 1.16E+19 2.29E+19 3.36E+19 4.36E+19 5.26E+19 6.05E+19 6.70E+19 7.22E+19 7.60E+19 7.84E+19 7.94E+19 7.91E+19 7.77E+19 7.52E+19 7.19E+19 6.79E+19 6.34E+19 5.85E+19 5.34E+19 4.82E+19 4.31E+19 3.81E+19 3.34E+19 2.90E+19 2.49E+19 2.12E+19 1.79E+19 1.49E+19 1.24E+19 1.01E+19 
  30.00  0.545  7.13E+25 1.42E+25 1.42E+25 9.37E+22 1.86E+23 2.74E+23 3.57E+23 4.33E+23 5.01E+23 5.60E+23 6.09E+23 6.48E+23 6.76E+23 6.94E+23 7.01E+23 7.00E+23 6.89E+23 6.71E+23 6.46E+23 6.16E+23 5.81E+23 5.43E+23 5.03E+23 4.61E+23 4.19E+23 3.78E+23 3.37E+23 2.99E+23 2.63E+23 2.29E+23 1.98E+23 1.70E+23 1.45E+23 
