   0.25  0.153  3.41E+00 1.36E+01 1.36E+01 1.95E+00 3.09E+00 3.15E+00 2.45E+00 1.53E+00 7.83E-01 3.35E-01 1.20E-01 3.63E-02 9.29E-03 2.02E-03 3.72E-04 5.85E-05 7.82E-06 8.92E-07 8.67E-08 7.20E-09 5.10E-10 3.09E-11 1.60E-12 7.06E-14 2.67E-15 8.62E-17 2.38E-18 0.00E+00 0.00E+00 0.00E+00 0.00E+00 0.00E+00 0.00E+00 
   0.50  0.246  1.03E+01 2.78E+01 2.78E+01 3.30E+00 5.45E+00 5.96E+00 5.10E+00 3.61E+00 2.16E+00 1.11E+00 4.90E-01 1.88E-01 6.29E-02 1.83E-02 4.67E-03 1.04E-03 2.03E-04 3.48E-05 5.22E-06 6.88E-07 7.97E-08 8.10E-09 7.24E-10 5.68E-11 3.92E-12 2.38E-13 1.27E-14 5.97E-16 2.47E-17 8.98E-19 0.00E+00 0.00E+00 0.00E+00 
   0.75  0.342  2.35E+01 5.26E+01 5.26E+01 5.34E+00 9.09E+00 1.04E+01 9.56E+00 7.38E+00 4.92E+00 2.86E+00 1.46E+00 6.63E-01 2.66E-01 9.52E-02 3.03E-02 8.61E-03 2.19E-03 4.96E-04 1.01E-04 1.83E-05 2.97E-06 4.32E-07 5.64E-08 6.60E-09 6.91E-10 6.50E-11 5.48E-12 4.14E-13 2.81E-14 1.71E-15 9.32E-17 4.56E-18 0.00E+00 
   1.00  0.421  4.70E+01 9.39E+01 9.39E+01 8.32E+00 1.45E+01 1.72E+01 1.66E+01 1.37E+01 9.83E+00 6.28E+00 3.58E+00 1.83E+00 8.41E-01 3.49E-01 1.31E-01 4.44E-02 1.37E-02 3.81E-03 9.65E-04 2.22E-04 4.62E-05 8.77E-06 1.51E-06 2.36E-07 3.37E-08 4.36E-09 5.14E-10 5.51E-11 5.37E-12 4.77E-13 3.85E-14 2.83E-15 1.89E-16 
   1.25  0.431  8.74E+01 1.62E+02 1.62E+02 1.27E+01 2.25E+01 2.75E+01 2.75E+01 2.38E+01 1.82E+01 1.25E+01 7.71E+00 4.32E+00 2.21E+00 1.03E+00 4.37E-01 1.70E-01 6.06E-02 1.98E-02 5.93E-03 1.63E-03 4.12E-04 9.54E-05 2.03E-05 3.98E-06 7.17E-07 1.19E-07 1.81E-08 2.53E-09 3.26E-10 3.86E-11 4.20E-12 4.22E-13 3.89E-14 
   1.50  0.493  1.52E+02 2.59E+02 2.59E+02 1.83E+01 3.28E+01 4.09E+01 4.22E+01 3.80E+01 3.04E+01 2.21E+01 1.45E+01 8.77E+00 4.86E+00 2.48E+00 1.16E+00 5.04E-01 2.02E-01 7.46E-02 2.55E-02 8.10E-03 2.38E-03 6.47E-04 1.63E-04 3.81E-05 8.25E-06 1.66E-06 3.09E-07 5.34E-08 8.56E-09 1.27E-09 1.76E-10 2.26E-11 2.68E-12 
   1.75  0.512  2.56E+02 4.17E+02 4.17E+02 2.68E+01 4.84E+01 6.16E+01 6.51E+01 6.04E+01 5.03E+01 3.81E+01 2.65E+01 1.70E+01 1.00E+01 5.50E+00 2.80E+00 1.32E+00 5.82E-01 2.38E-01 9.09E-02 3.23E-02 1.07E-02 3.32E-03 9.57E-04 2.58E-04 6.49E-05 1.53E-05 3.35E-06 6.87E-07 1.32E-07 2.36E-08 3.94E-09 6.17E-10 9.02E-11 
   2.00  0.534  4.25E+02 6.72E+02 6.72E+02 3.95E+01 7.22E+01 9.30E+01 1.00E+02 9.55E+01 8.21E+01 6.46E+01 4.69E+01 3.15E+01 1.97E+01 1.15E+01 6.24E+00 3.17E+00 1.51E+00 6.71E-01 2.80E-01 1.09E-01 4.01E-02 1.38E-02 4.46E-03 1.35E-03 3.86E-04 1.03E-04 2.59E-05 6.13E-06 1.36E-06 2.84E-07 5.56E-08 1.02E-08 1.77E-09 
   2.25  0.499  7.09E+02 1.14E+03 1.14E+03 6.18E+01 1.14E+02 1.48E+02 1.63E+02 1.58E+02 1.40E+02 1.14E+02 8.54E+01 5.98E+01 3.92E+01 2.40E+01 1.38E+01 7.44E+00 3.78E+00 1.80E+00 8.11E-01 3.44E-01 1.37E-01 5.16E-02 1.83E-02 6.14E-03 1.94E-03 5.79E-04 1.63E-04 4.34E-05 1.09E-05 2.58E-06 5.78E-07 1.22E-07 2.44E-08 
   2.50  0.479  1.20E+03 1.98E+03 1.98E+03 9.94E+01 1.84E+02 2.43E+02 2.70E+02 2.68E+02 2.42E+02 2.02E+02 1.56E+02 1.14E+02 7.73E+01 4.94E+01 2.98E+01 1.69E+01 9.08E+00 4.60E+00 2.21E+00 1.00E+00 4.30E-01 1.75E-01 6.71E-02 2.45E-02 8.45E-03 2.77E-03 8.59E-04 2.53E-04 7.05E-05 1.86E-05 4.68E-06 1.11E-06 2.51E-07 
   2.75  0.469  2.03E+03 3.30E+03 3.30E+03 1.55E+02 2.88E+02 3.84E+02 4.32E+02 4.35E+02 4.01E+02 3.42E+02 2.73E+02 2.04E+02 1.44E+02 9.54E+01 5.99E+01 3.56E+01 2.00E+01 1.07E+01 5.42E+00 2.60E+00 1.19E+00 5.16E-01 2.13E-01 8.35E-02 3.11E-02 1.10E-02 3.72E-03 1.19E-03 3.65E-04 1.06E-04 2.93E-05 7.72E-06 1.94E-06 
   3.00  0.466  3.46E+03 5.71E+03 5.71E+03 2.51E+02 4.69E+02 6.29E+02 7.16E+02 7.31E+02 6.85E+02 5.97E+02 4.87E+02 3.74E+02 2.71E+02 1.86E+02 1.21E+02 7.47E+01 4.39E+01 2.45E+01 1.30E+01 6.58E+00 3.17E+00 1.46E+00 6.39E-01 2.67E-01 1.06E-01 4.05E-02 1.47E-02 5.08E-03 1.68E-03 5.30E-04 1.60E-04 4.59E-05 1.26E-05 
   3.25  0.603  5.49E+03 8.12E+03 8.12E+03 3.36E+02 6.31E+02 8.51E+02 9.79E+02 1.01E+03 9.63E+02 8.53E+02 7.11E+02 5.58E+02 4.15E+02 2.93E+02 1.97E+02 1.26E+02 7.66E+01 4.45E+01 2.47E+01 1.30E+01 6.60E+00 3.19E+00 1.47E+00 6.51E-01 2.75E-01 1.11E-01 4.30E-02 1.59E-02 5.64E-03 1.91E-03 6.21E-04 1.93E-04 5.74E-05 
   3.50  0.619  8.57E+03 1.23E+04 1.23E+04 4.82E+02 9.07E+02 1.23E+03 1.43E+03 1.49E+03 1.44E+03 1.30E+03 1.10E+03 8.81E+02 6.71E+02 4.86E+02 3.35E+02 2.21E+02 1.39E+02 8.35E+01 4.81E+01 2.65E+01 1.40E+01 7.05E+00 3.42E+00 1.59E+00 7.06E-01 3.01E-01 1.23E-01 4.84E-02 1.82E-02 6.59E-03 2.29E-03 7.61E-04 2.43E-04 
   3.75  0.652  1.34E+04 1.95E+04 1.95E+04 7.21E+02 1.36E+03 1.86E+03 2.17E+03 2.29E+03 2.24E+03 2.04E+03 1.76E+03 1.44E+03 1.12E+03 8.28E+02 5.85E+02 3.96E+02 2.56E+02 1.59E+02 9.47E+01 5.40E+01 2.96E+01 1.56E+01 7.86E+00 3.81E+00 1.78E+00 7.96E-01 3.43E-01 1.42E-01 5.64E-02 2.16E-02 7.95E-03 2.81E-03 9.58E-04 
   4.00  0.545  2.12E+04 3.09E+04 3.09E+04 1.08E+03 2.05E+03 2.82E+03 3.31E+03 3.53E+03 3.48E+03 3.22E+03 2.81E+03 2.33E+03 1.85E+03 1.40E+03 1.01E+03 7.00E+02 4.65E+02 2.97E+02 1.82E+02 1.07E+02 6.07E+01 3.31E+01 1.73E+01 8.75E+00 4.25E+00 1.99E+00 8.96E-01 3.89E-01 1.63E-01 6.55E-02 2.54E-02 9.51E-03 3.43E-03 
   4.25  0.545  3.34E+04 4.88E+04 4.88E+04 1.63E+03 3.10E+03 4.27E+03 5.05E+03 5.42E+03 5.40E+03 5.05E+03 4.47E+03 3.77E+03 3.03E+03 2.33E+03 1.72E+03 1.22E+03 8.30E+02 5.43E+02 3.42E+02 2.07E+02 1.21E+02 6.82E+01 3.70E+01 1.93E+01 9.75E+00 4.74E+00 2.23E+00 1.01E+00 4.41E-01 1.86E-01 7.57E-02 2.98E-02 1.13E-02 
   4.50  0.545  5.26E+04 7.72E+04 7.72E+04 2.46E+03 4.69E+03 6.48E+03 7.72E+03 8.34E+03 8.37E+03 7.91E+03 7.09E+03 6.06E+03 4.95E+03 3.87E+03 2.91E+03 2.10E+03 1.46E+03 9.78E+02 6.31E+02 3.93E+02 2.36E+02 1.37E+02 7.65E+01 4.13E+01 2.16E+01 1.09E+01 5.29E+00 2.49E+00 1.13E+00 4.99E-01 2.12E-01 8.72E-02 3.47E-02 
   4.75  0.545  8.32E+04 1.22E+05 1.22E+05 3.72E+03 7.11E+03 9.86E+03 1.18E+04 1.28E+04 1.30E+04 1.24E+04 1.12E+04 9.70E+03 8.03E+03 6.38E+03 4.88E+03 3.59E+03 2.54E+03 1.74E+03 1.15E+03 7.31E+02 4.50E+02 2.68E+02 1.54E+02 8.58E+01 4.62E+01 2.40E+01 1.21E+01 5.91E+00 2.79E+00 1.27E+00 5.64E-01 2.41E-01 1.00E-01 
   5.00  0.545  1.31E+05 1.93E+05 1.93E+05 5.64E+03 1.08E+04 1.50E+04 1.81E+04 1.98E+04 2.01E+04 1.94E+04 1.77E+04 1.55E+04 1.30E+04 1.05E+04 8.12E+03 6.07E+03 4.38E+03 3.05E+03 2.06E+03 1.34E+03 8.44E+02 5.14E+02 3.04E+02 1.74E+02 9.61E+01 5.16E+01 2.68E+01 1.35E+01 6.59E+00 3.12E+00 1.43E+00 6.36E-01 2.74E-01 
   5.50  0.545  3.73E+05 4.83E+05 4.83E+05 1.30E+04 2.50E+04 3.50E+04 4.24E+04 4.69E+04 4.84E+04 4.73E+04 4.40E+04 3.92E+04 3.36E+04 2.78E+04 2.21E+04 1.70E+04 1.27E+04 9.14E+03 6.38E+03 4.32E+03 2.83E+03 1.80E+03 1.11E+03 6.68E+02 3.89E+02 2.20E+02 1.21E+02 6.43E+01 3.33E+01 1.68E+01 8.20E+00 3.90E+00 1.80E+00 
   6.00  0.545  9.76E+05 1.21E+06 1.21E+06 3.02E+04 5.81E+04 8.19E+04 9.99E+04 1.11E+05 1.16E+05 1.15E+05 1.09E+05 9.86E+04 8.61E+04 7.26E+04 5.92E+04 4.67E+04 3.57E+04 2.65E+04 1.91E+04 1.33E+04 9.07E+03 5.99E+03 3.84E+03 2.40E+03 1.46E+03 8.62E+02 4.96E+02 2.78E+02 1.51E+02 8.02E+01 4.14E+01 2.08E+01 1.02E+01 
   6.50  0.545  2.48E+06 3.02E+06 3.02E+06 7.05E+04 1.36E+05 1.92E+05 2.36E+05 2.65E+05 2.80E+05 2.80E+05 2.68E+05 2.46E+05 2.19E+05 1.88E+05 1.56E+05 1.26E+05 9.85E+04 7.49E+04 5.54E+04 3.99E+04 2.79E+04 1.90E+04 1.26E+04 8.17E+03 5.15E+03 3.17E+03 1.90E+03 1.11E+03 6.30E+02 3.50E+02 1.89E+02 1.00E+02 5.15E+01 
   7.00  0.545  6.26E+06 7.54E+06 7.54E+06 1.65E+05 3.19E+05 4.53E+05 5.59E+05 6.33E+05 6.73E+05 6.80E+05 6.58E+05 6.13E+05 5.52E+05 4.81E+05 4.07E+05 3.35E+05 2.67E+05 2.08E+05 1.57E+05 1.16E+05 8.33E+04 5.84E+04 3.99E+04 2.66E+04 1.73E+04 1.10E+04 6.84E+03 4.14E+03 2.45E+03 1.41E+03 7.98E+02 4.40E+02 2.37E+02 
   7.50  0.545  1.57E+07 1.89E+07 1.89E+07 3.88E+05 7.53E+05 1.07E+06 1.33E+06 1.51E+06 1.62E+06 1.65E+06 1.61E+06 1.52E+06 1.39E+06 1.23E+06 1.05E+06 8.79E+05 7.15E+05 5.67E+05 4.38E+05 3.30E+05 2.43E+05 1.74E+05 1.22E+05 8.38E+04 5.61E+04 3.67E+04 2.35E+04 1.47E+04 9.00E+03 5.38E+03 3.15E+03 1.80E+03 1.01E+03 
   8.00  0.545  3.93E+07 4.72E+07 4.72E+07 9.17E+05 1.78E+06 2.54E+06 3.17E+06 3.62E+06 3.90E+06 4.01E+06 3.95E+06 3.76E+06 3.47E+06 3.11E+06 2.70E+06 2.29E+06 1.89E+06 1.53E+06 1.20E+06 9.22E+05 6.92E+05 5.08E+05 3.65E+05 2.56E+05 1.76E+05 1.18E+05 7.77E+04 5.01E+04 3.16E+04 1.95E+04 1.18E+04 6.96E+03 4.04E+03 
   8.50  0.545  9.82E+07 1.18E+08 1.18E+08 2.17E+06 4.22E+06 6.05E+06 7.56E+06 8.69E+06 9.41E+06 9.73E+06 9.67E+06 9.29E+06 8.65E+06 7.83E+06 6.90E+06 5.92E+06 4.96E+06 4.06E+06 3.25E+06 2.54E+06 1.94E+06 1.45E+06 1.06E+06 7.63E+05 5.36E+05 3.69E+05 2.49E+05 1.64E+05 1.06E+05 6.75E+04 4.20E+04 2.56E+04 1.53E+04 
   9.00  0.545  2.46E+08 2.95E+08 2.95E+08 5.16E+06 1.00E+07 1.44E+07 1.81E+07 2.09E+07 2.27E+07 2.36E+07 2.37E+07 2.29E+07 2.15E+07 1.97E+07 1.75E+07 1.52E+07 1.29E+07 1.07E+07 8.69E+06 6.90E+06 5.37E+06 4.09E+06 3.05E+06 2.23E+06 1.60E+06 1.12E+06 7.74E+05 5.23E+05 3.47E+05 2.26E+05 1.44E+05 9.02E+04 5.55E+04 
   9.50  0.545  6.14E+08 7.37E+08 7.37E+08 1.23E+07 2.39E+07 3.44E+07 4.33E+07 5.02E+07 5.49E+07 5.74E+07 5.79E+07 5.64E+07 5.34E+07 4.93E+07 4.43E+07 3.89E+07 3.34E+07 2.81E+07 2.31E+07 1.86E+07 1.47E+07 1.13E+07 8.60E+06 6.40E+06 4.67E+06 3.35E+06 2.35E+06 1.62E+06 1.10E+06 7.32E+05 4.79E+05 3.07E+05 1.94E+05 
  10.00  0.545  1.54E+09 1.84E+09 1.84E+09 2.93E+07 5.72E+07 8.24E+07 1.04E+08 1.21E+08 1.33E+08 1.40E+08 1.41E+08 1.39E+08 1.32E+08 1.23E+08 1.12E+08 9.91E+07 8.59E+07 7.30E+07 6.07E+07 4.95E+07 3.96E+07 3.11E+07 2.39E+07 1.81E+07 1.34E+07 9.79E+06 7.01E+06 4.93E+06 3.41E+06 2.31E+06 1.54E+06 1.01E+06 6.53E+05 
  11.00  0.545  1.30E+10 1.15E+10 1.15E+10 1.68E+08 3.28E+08 4.74E+08 6.01E+08 7.03E+08 7.78E+08 8.25E+08 8.45E+08 8.39E+08 8.11E+08 7.65E+08 7.05E+08 6.35E+08 5.61E+08 4.86E+08 4.13E+08 3.44E+08 2.82E+08 2.27E+08 1.79E+08 1.39E+08 1.07E+08 8.01E+07 5.92E+07 4.30E+07 3.08E+07 2.17E+07 1.50E+07 1.02E+07 6.86E+06 
  12.00  0.545  8.50E+10 7.19E+10 7.19E+10 9.67E+08 1.90E+09 2.75E+09 3.49E+09 4.11E+09 4.58E+09 4.89E+09 5.05E+09 5.06E+09 4.95E+09 4.72E+09 4.41E+09 4.03E+09 3.62E+09 3.18E+09 2.75E+09 2.34E+09 1.96E+09 1.61E+09 1.30E+09 1.03E+09 8.09E+08 6.24E+08 4.73E+08 3.54E+08 2.61E+08 1.89E+08 1.35E+08 9.52E+07 6.60E+07 
  13.00  0.545  5.34E+11 4.49E+11 4.49E+11 5.61E+09 1.10E+10 1.60E+10 2.04E+10 2.41E+10 2.70E+10 2.90E+10 3.02E+10 3.05E+10 3.01E+10 2.90E+10 2.74E+10 2.54E+10 2.31E+10 2.06E+10 1.81E+10 1.56E+10 1.33E+10 1.11E+10 9.15E+09 7.43E+09 5.94E+09 4.68E+09 3.63E+09 2.78E+09 2.10E+09 1.56E+09 1.15E+09 8.31E+08 5.94E+08 
  14.00  0.545  3.36E+12 2.82E+12 2.82E+12 3.29E+10 6.46E+10 9.42E+10 1.21E+11 1.43E+11 1.61E+11 1.74E+11 1.82E+11 1.85E+11 1.84E+11 1.79E+11 1.71E+11 1.60E+11 1.47E+11 1.33E+11 1.18E+11 1.03E+11 8.92E+10 7.58E+10 6.35E+10 5.24E+10 4.27E+10 3.43E+10 2.72E+10 2.12E+10 1.64E+10 1.25E+10 9.37E+09 6.95E+09 5.09E+09 
  15.00  0.545  2.11E+13 1.77E+13 1.77E+13 1.94E+11 3.81E+11 5.56E+11 7.14E+11 8.49E+11 9.60E+11 1.04E+12 1.10E+12 1.12E+12 1.13E+12 1.10E+12 1.06E+12 1.00E+12 9.30E+11 8.50E+11 7.65E+11 6.78E+11 5.92E+11 5.10E+11 4.34E+11 3.63E+11 3.01E+11 2.46E+11 1.98E+11 1.58E+11 1.24E+11 9.62E+10 7.37E+10 5.58E+10 4.18E+10 
  16.00  0.545  1.33E+14 1.12E+14 1.12E+14 1.15E+12 2.26E+12 3.30E+12 4.24E+12 5.06E+12 5.74E+12 6.26E+12 6.62E+12 6.82E+12 6.87E+12 6.78E+12 6.57E+12 6.26E+12 5.86E+12 5.41E+12 4.91E+12 4.40E+12 3.89E+12 3.39E+12 2.92E+12 2.48E+12 2.08E+12 1.72E+12 1.41E+12 1.14E+12 9.12E+11 7.20E+11 5.62E+11 4.34E+11 3.31E+11 
  17.00  0.545  8.33E+14 7.01E+14 7.01E+14 6.80E+12 1.34E+13 1.96E+13 2.53E+13 3.02E+13 3.44E+13 3.77E+13 4.00E+13 4.14E+13 4.20E+13 4.17E+13 4.06E+13 3.90E+13 3.68E+13 3.42E+13 3.14E+13 2.84E+13 2.53E+13 2.23E+13 1.94E+13 1.67E+13 1.42E+13 1.19E+13 9.89E+12 8.11E+12 6.58E+12 5.27E+12 4.18E+12 3.28E+12 2.55E+12 
  18.00  0.545  5.23E+15 4.40E+15 4.40E+15 4.04E+13 7.98E+13 1.17E+14 1.51E+14 1.81E+14 2.06E+14 2.27E+14 2.42E+14 2.52E+14 2.56E+14 2.56E+14 2.51E+14 2.42E+14 2.30E+14 2.16E+14 1.99E+14 1.82E+14 1.64E+14 1.46E+14 1.28E+14 1.11E+14 9.56E+13 8.12E+13 6.82E+13 5.67E+13 4.66E+13 3.79E+13 3.05E+13 2.42E+13 1.91E+13 
  19.00  0.545  3.29E+16 2.76E+16 2.76E+16 2.41E+14 4.76E+14 6.99E+14 9.03E+14 1.09E+15 1.24E+15 1.37E+15 1.46E+15 1.53E+15 1.56E+15 1.57E+15 1.55E+15 1.50E+15 1.44E+15 1.35E+15 1.26E+15 1.16E+15 1.05E+15 9.45E+14 8.38E+14 7.36E+14 6.38E+14 5.48E+14 4.65E+14 3.91E+14 3.25E+14 2.67E+14 2.18E+14 1.76E+14 1.40E+14 
  20.00  0.545  2.06E+17 1.73E+17 1.73E+17 1.44E+15 2.85E+15 4.18E+15 5.42E+15 6.52E+15 7.47E+15 8.26E+15 8.87E+15 9.29E+15 9.54E+15 9.61E+15 9.52E+15 9.29E+15 8.94E+15 8.49E+15 7.95E+15 7.36E+15 6.74E+15 6.09E+15 5.45E+15 4.82E+15 4.22E+15 3.66E+15 3.14E+15 2.66E+15 2.24E+15 1.86E+15 1.54E+15 1.25E+15 1.01E+15 
  22.50  0.545  4.29E+19 1.71E+19 1.71E+19 1.27E+17 2.51E+17 3.70E+17 4.80E+17 5.81E+17 6.69E+17 7.43E+17 8.03E+17 8.48E+17 8.78E+17 8.93E+17 8.94E+17 8.82E+17 8.59E+17 8.26E+17 7.85E+17 7.37E+17 6.85E+17 6.30E+17 5.74E+17 5.17E+17 4.61E+17 4.08E+17 3.57E+17 3.10E+17 2.66E+17 2.27E+17 1.92E+17 1.61E+17 1.33E+17 
  25.00  0.545  4.25E+21 1.68E+21 1.68E+21 1.13E+19 2.24E+19 3.30E+19 4.29E+19 5.21E+19 6.02E+19 6.72E+19 7.31E+19 7.76E+19 8.09E+19 8.29E+19 8.37E+19 8.34E+19 8.20E+19 7.97E+19 7.65E+19 7.28E+19 6.85E+19 6.38E+19 5.89E+19 5.39E+19 4.88E+19 4.39E+19 3.91E+19 3.45E+19 3.02E+19 2.62E+19 2.26E+19 1.93E+19 1.64E+19 
  30.00  0.545  8.11E+25 1.62E+25 1.62E+25 9.13E+22 1.81E+23 2.68E+23 3.50E+23 4.27E+23 4.96E+23 5.58E+23 6.12E+23 6.56E+23 6.91E+23 7.16E+23 7.32E+23 7.39E+23 7.37E+23 7.28E+23 7.11E+23 6.89E+23 6.61E+23 6.28E+23 5.92E+23 5.54E+23 5.14E+23 4.73E+23 4.32E+23 3.92E+23 3.53E+23 3.16E+23 2.80E+23 2.47E+23 2.17E+23 
