   0.25  0.151  3.29E+00 1.32E+01 1.32E+01 2.02E+00 3.15E+00 3.11E+00 2.31E+00 1.36E+00 6.49E-01 2.55E-01 8.31E-02 2.25E-02 5.10E-03 9.68E-04 1.54E-04 2.06E-05 2.31E-06 2.19E-07 1.74E-08 1.17E-09 6.61E-11 3.15E-12 1.27E-13 4.31E-15 1.23E-16 2.99E-18 0.00E+00 0.00E+00 0.00E+00 0.00E+00 0.00E+00 0.00E+00 0.00E+00 
   0.50  0.240  1.01E+01 2.72E+01 2.72E+01 3.26E+00 5.38E+00 5.87E+00 5.01E+00 3.53E+00 2.10E+00 1.07E+00 4.69E-01 1.79E-01 5.91E-02 1.70E-02 4.28E-03 9.42E-04 1.81E-04 3.06E-05 4.52E-06 5.85E-07 6.65E-08 6.63E-09 5.80E-10 4.46E-11 3.01E-12 1.78E-13 9.29E-15 4.25E-16 1.71E-17 6.05E-19 0.00E+00 0.00E+00 0.00E+00 
   0.75  0.333  2.33E+01 5.26E+01 5.26E+01 5.15E+00 8.82E+00 1.02E+01 9.51E+00 7.48E+00 5.09E+00 3.04E+00 1.60E+00 7.52E-01 3.14E-01 1.17E-01 3.91E-02 1.17E-02 3.13E-03 7.53E-04 1.63E-04 3.16E-05 5.51E-06 8.65E-07 1.22E-07 1.55E-08 1.77E-09 1.83E-10 1.69E-11 1.41E-12 1.06E-13 7.20E-15 4.39E-16 2.41E-17 1.20E-18 
   1.00  0.408  4.72E+01 9.57E+01 9.57E+01 7.92E+00 1.39E+01 1.68E+01 1.66E+01 1.40E+01 1.05E+01 6.97E+00 4.17E+00 2.25E+00 1.10E+00 4.88E-01 1.97E-01 7.26E-02 2.43E-02 7.45E-03 2.08E-03 5.32E-04 1.24E-04 2.65E-05 5.17E-06 9.24E-07 1.51E-07 2.26E-08 3.09E-09 3.88E-10 4.46E-11 4.69E-12 4.52E-13 3.99E-14 3.22E-15 
   1.25  0.417  8.93E+01 1.68E+02 1.68E+02 1.21E+01 2.16E+01 2.69E+01 2.76E+01 2.47E+01 1.97E+01 1.42E+01 9.26E+00 5.54E+00 3.03E+00 1.53E+00 7.08E-01 3.03E-01 1.19E-01 4.35E-02 1.46E-02 4.56E-03 1.31E-03 3.50E-04 8.63E-05 1.97E-05 4.17E-06 8.17E-07 1.48E-07 2.50E-08 3.90E-09 5.63E-10 7.55E-11 9.38E-12 1.08E-12 
   1.50  0.475  1.58E+02 2.74E+02 2.74E+02 1.73E+01 3.15E+01 4.01E+01 4.25E+01 3.96E+01 3.32E+01 2.53E+01 1.77E+01 1.14E+01 6.83E+00 3.79E+00 1.95E+00 9.33E-01 4.16E-01 1.73E-01 6.69E-02 2.42E-02 8.17E-03 2.57E-03 7.58E-04 2.09E-04 5.36E-05 1.29E-05 2.90E-06 6.09E-07 1.20E-07 2.20E-08 3.79E-09 6.09E-10 9.17E-11 
   1.75  0.493  2.70E+02 4.50E+02 4.50E+02 2.55E+01 4.67E+01 6.05E+01 6.58E+01 6.33E+01 5.52E+01 4.41E+01 3.25E+01 2.23E+01 1.43E+01 8.51E+00 4.75E+00 2.49E+00 1.22E+00 5.62E-01 2.43E-01 9.88E-02 3.78E-02 1.36E-02 4.59E-03 1.46E-03 4.38E-04 1.23E-04 3.28E-05 8.20E-06 1.93E-06 4.29E-07 8.96E-08 1.77E-08 3.28E-09 
   2.00  0.513  4.55E+02 7.40E+02 7.40E+02 3.79E+01 7.00E+01 9.21E+01 1.02E+02 1.01E+02 9.06E+01 7.52E+01 5.79E+01 4.17E+01 2.81E+01 1.78E+01 1.06E+01 5.97E+00 3.17E+00 1.58E+00 7.48E-01 3.34E-01 1.41E-01 5.64E-02 2.13E-02 7.63E-03 2.58E-03 8.28E-04 2.52E-04 7.24E-05 1.97E-05 5.09E-06 1.25E-06 2.89E-07 6.34E-08 
   2.25  0.480  7.75E+02 1.28E+03 1.28E+03 5.97E+01 1.11E+02 1.48E+02 1.67E+02 1.68E+02 1.55E+02 1.33E+02 1.06E+02 7.94E+01 5.60E+01 3.73E+01 2.35E+01 1.40E+01 7.89E+00 4.22E+00 2.15E+00 1.04E+00 4.75E-01 2.07E-01 8.57E-02 3.38E-02 1.26E-02 4.51E-03 1.53E-03 4.93E-04 1.51E-04 4.43E-05 1.23E-05 3.27E-06 8.24E-07 
   2.50  0.462  1.34E+03 2.26E+03 2.26E+03 9.71E+01 1.82E+02 2.44E+02 2.80E+02 2.87E+02 2.70E+02 2.37E+02 1.95E+02 1.51E+02 1.11E+02 7.67E+01 5.05E+01 3.16E+01 1.88E+01 1.07E+01 5.75E+00 2.96E+00 1.45E+00 6.81E-01 3.05E-01 1.30E-01 5.30E-02 2.06E-02 7.67E-03 2.72E-03 9.25E-04 3.00E-04 9.30E-05 2.75E-05 7.80E-06 
   2.75  0.453  2.30E+03 3.85E+03 3.85E+03 1.53E+02 2.88E+02 3.91E+02 4.52E+02 4.71E+02 4.52E+02 4.05E+02 3.41E+02 2.72E+02 2.06E+02 1.48E+02 1.01E+02 6.59E+01 4.10E+01 2.44E+01 1.39E+01 7.54E+00 3.93E+00 1.96E+00 9.33E-01 4.26E-01 1.87E-01 7.83E-02 3.15E-02 1.21E-02 4.48E-03 1.59E-03 5.39E-04 1.76E-04 5.49E-05 
   3.00  0.449  4.00E+03 6.78E+03 6.78E+03 2.51E+02 4.75E+02 6.48E+02 7.57E+02 7.99E+02 7.79E+02 7.11E+02 6.12E+02 5.00E+02 3.88E+02 2.87E+02 2.03E+02 1.37E+02 8.88E+01 5.51E+01 3.27E+01 1.87E+01 1.02E+01 5.36E+00 2.71E+00 1.31E+00 6.10E-01 2.73E-01 1.17E-01 4.85E-02 1.93E-02 7.37E-03 2.71E-03 9.57E-04 3.25E-04 
   3.25  0.557  6.50E+03 9.99E+03 9.99E+03 3.46E+02 6.56E+02 9.01E+02 1.06E+03 1.13E+03 1.12E+03 1.04E+03 9.12E+02 7.60E+02 6.04E+02 4.59E+02 3.34E+02 2.33E+02 1.56E+02 1.00E+02 6.19E+01 3.67E+01 2.10E+01 1.15E+01 6.11E+00 3.12E+00 1.53E+00 7.24E-01 3.30E-01 1.45E-01 6.14E-02 2.50E-02 9.85E-03 3.74E-03 1.37E-03 
   3.50  0.579  1.03E+04 1.53E+04 1.53E+04 4.98E+02 9.48E+02 1.31E+03 1.56E+03 1.68E+03 1.68E+03 1.58E+03 1.41E+03 1.19E+03 9.69E+02 7.54E+02 5.62E+02 4.03E+02 2.78E+02 1.84E+02 1.18E+02 7.24E+01 4.30E+01 2.46E+01 1.36E+01 7.24E+00 3.73E+00 1.85E+00 8.88E-01 4.12E-01 1.84E-01 7.96E-02 3.33E-02 1.34E-02 5.23E-03 
   3.75  0.617  1.64E+04 2.42E+04 2.42E+04 7.43E+02 1.42E+03 1.97E+03 2.35E+03 2.56E+03 2.58E+03 2.46E+03 2.23E+03 1.92E+03 1.59E+03 1.26E+03 9.61E+02 7.06E+02 4.99E+02 3.40E+02 2.24E+02 1.42E+02 8.74E+01 5.19E+01 2.97E+01 1.65E+01 8.84E+00 4.59E+00 2.30E+00 1.12E+00 5.25E-01 2.39E-01 1.05E-01 4.49E-02 1.85E-02 
   4.00  0.545  2.60E+04 3.83E+04 3.83E+04 1.11E+03 2.13E+03 2.96E+03 3.56E+03 3.90E+03 3.98E+03 3.84E+03 3.52E+03 3.08E+03 2.59E+03 2.09E+03 1.63E+03 1.22E+03 8.82E+02 6.17E+02 4.17E+02 2.73E+02 1.72E+02 1.06E+02 6.26E+01 3.59E+01 2.00E+01 1.08E+01 5.63E+00 2.85E+00 1.40E+00 6.67E-01 3.08E-01 1.38E-01 5.98E-02 
   4.25  0.545  4.11E+04 6.06E+04 6.06E+04 1.67E+03 3.20E+03 4.47E+03 5.41E+03 5.96E+03 6.14E+03 5.97E+03 5.54E+03 4.91E+03 4.19E+03 3.44E+03 2.72E+03 2.08E+03 1.54E+03 1.10E+03 7.60E+02 5.10E+02 3.31E+02 2.09E+02 1.27E+02 7.56E+01 4.34E+01 2.42E+01 1.31E+01 6.90E+00 3.52E+00 1.75E+00 8.41E-01 3.93E-01 1.79E-01 
   4.50  0.545  6.51E+04 9.58E+04 9.58E+04 2.51E+03 4.82E+03 6.77E+03 8.22E+03 9.12E+03 9.46E+03 9.29E+03 8.70E+03 7.81E+03 6.75E+03 5.62E+03 4.52E+03 3.51E+03 2.64E+03 1.93E+03 1.36E+03 9.36E+02 6.23E+02 4.03E+02 2.53E+02 1.54E+02 9.12E+01 5.25E+01 2.94E+01 1.60E+01 8.45E+00 4.35E+00 2.17E+00 1.06E+00 5.00E-01 
   4.75  0.545  1.03E+05 1.52E+05 1.52E+05 3.78E+03 7.28E+03 1.03E+04 1.25E+04 1.40E+04 1.46E+04 1.44E+04 1.36E+04 1.24E+04 1.08E+04 9.13E+03 7.45E+03 5.88E+03 4.50E+03 3.35E+03 2.41E+03 1.69E+03 1.15E+03 7.60E+02 4.89E+02 3.06E+02 1.86E+02 1.10E+02 6.35E+01 3.56E+01 1.94E+01 1.03E+01 5.35E+00 2.70E+00 1.32E+00 
   5.00  0.545  1.63E+05 2.40E+05 2.40E+05 5.71E+03 1.10E+04 1.56E+04 1.91E+04 2.14E+04 2.25E+04 2.24E+04 2.14E+04 1.96E+04 1.73E+04 1.48E+04 1.22E+04 9.78E+03 7.61E+03 5.74E+03 4.21E+03 3.01E+03 2.09E+03 1.41E+03 9.27E+02 5.93E+02 3.70E+02 2.25E+02 1.33E+02 7.67E+01 4.31E+01 2.36E+01 1.26E+01 6.57E+00 3.33E+00 
   5.50  0.545  4.62E+05 5.99E+05 5.99E+05 1.31E+04 2.54E+04 3.60E+04 4.44E+04 5.03E+04 5.34E+04 5.40E+04 5.23E+04 4.87E+04 4.39E+04 3.82E+04 3.23E+04 2.66E+04 2.12E+04 1.65E+04 1.25E+04 9.20E+03 6.61E+03 4.64E+03 3.17E+03 2.11E+03 1.38E+03 8.74E+02 5.42E+02 3.28E+02 1.94E+02 1.12E+02 6.33E+01 3.49E+01 1.88E+01 
   6.00  0.545  1.21E+06 1.50E+06 1.50E+06 3.03E+04 5.88E+04 8.38E+04 1.04E+05 1.19E+05 1.27E+05 1.30E+05 1.27E+05 1.20E+05 1.10E+05 9.78E+04 8.43E+04 7.08E+04 5.78E+04 4.61E+04 3.58E+04 2.71E+04 2.01E+04 1.45E+04 1.03E+04 7.09E+03 4.78E+03 3.16E+03 2.04E+03 1.29E+03 7.94E+02 4.79E+02 2.83E+02 1.64E+02 9.27E+01 
   6.50  0.545  3.09E+06 3.75E+06 3.75E+06 7.05E+04 1.37E+05 1.96E+05 2.45E+05 2.81E+05 3.03E+05 3.13E+05 3.10E+05 2.97E+05 2.75E+05 2.48E+05 2.18E+05 1.86E+05 1.55E+05 1.26E+05 1.00E+05 7.77E+04 5.90E+04 4.38E+04 3.19E+04 2.27E+04 1.58E+04 1.08E+04 7.18E+03 4.70E+03 3.01E+03 1.89E+03 1.16E+03 7.00E+02 4.14E+02 
   7.00  0.545  7.77E+06 9.37E+06 9.37E+06 1.65E+05 3.21E+05 4.60E+05 5.77E+05 6.66E+05 7.25E+05 7.53E+05 7.54E+05 7.29E+05 6.85E+05 6.25E+05 5.56E+05 4.83E+05 4.09E+05 3.39E+05 2.75E+05 2.18E+05 1.69E+05 1.28E+05 9.57E+04 6.98E+04 5.00E+04 3.50E+04 2.41E+04 1.63E+04 1.08E+04 6.98E+03 4.44E+03 2.78E+03 1.70E+03 
   7.50  0.545  1.95E+07 2.34E+07 2.34E+07 3.87E+05 7.54E+05 1.08E+06 1.36E+06 1.58E+06 1.73E+06 1.81E+06 1.83E+06 1.79E+06 1.70E+06 1.57E+06 1.41E+06 1.24E+06 1.07E+06 8.99E+05 7.41E+05 5.99E+05 4.74E+05 3.68E+05 2.80E+05 2.09E+05 1.53E+05 1.10E+05 7.76E+04 5.38E+04 3.66E+04 2.45E+04 1.60E+04 1.03E+04 6.55E+03 
   8.00  0.545  4.88E+07 5.86E+07 5.86E+07 9.10E+05 1.78E+06 2.57E+06 3.24E+06 3.77E+06 4.15E+06 4.38E+06 4.45E+06 4.38E+06 4.19E+06 3.91E+06 3.56E+06 3.17E+06 2.77E+06 2.36E+06 1.98E+06 1.62E+06 1.31E+06 1.03E+06 8.00E+05 6.09E+05 4.56E+05 3.35E+05 2.42E+05 1.72E+05 1.20E+05 8.21E+04 5.53E+04 3.67E+04 2.39E+04 
   8.50  0.545  1.22E+08 1.46E+08 1.46E+08 2.15E+06 4.21E+06 6.08E+06 7.70E+06 9.01E+06 9.96E+06 1.06E+07 1.08E+07 1.07E+07 1.03E+07 9.74E+06 8.96E+06 8.07E+06 7.11E+06 6.15E+06 5.22E+06 4.34E+06 3.55E+06 2.85E+06 2.25E+06 1.74E+06 1.33E+06 9.94E+05 7.33E+05 5.31E+05 3.79E+05 2.66E+05 1.83E+05 1.25E+05 8.33E+04 
   9.00  0.545  3.05E+08 3.66E+08 3.66E+08 5.10E+06 9.98E+06 1.45E+07 1.84E+07 2.15E+07 2.39E+07 2.55E+07 2.62E+07 2.62E+07 2.55E+07 2.42E+07 2.24E+07 2.04E+07 1.82E+07 1.59E+07 1.36E+07 1.15E+07 9.53E+06 7.76E+06 6.21E+06 4.89E+06 3.79E+06 2.89E+06 2.17E+06 1.60E+06 1.17E+06 8.35E+05 5.89E+05 4.09E+05 2.80E+05 
   9.50  0.545  7.63E+08 9.15E+08 9.15E+08 1.21E+07 2.38E+07 3.45E+07 4.39E+07 5.16E+07 5.76E+07 6.16E+07 6.37E+07 6.40E+07 6.26E+07 5.99E+07 5.61E+07 5.14E+07 4.63E+07 4.09E+07 3.54E+07 3.02E+07 2.53E+07 2.09E+07 1.70E+07 1.36E+07 1.07E+07 8.26E+06 6.30E+06 4.74E+06 3.51E+06 2.56E+06 1.84E+06 1.30E+06 9.10E+05 
  10.00  0.545  1.91E+09 2.29E+09 2.29E+09 2.89E+07 5.66E+07 8.23E+07 1.05E+08 1.24E+08 1.39E+08 1.49E+08 1.55E+08 1.56E+08 1.54E+08 1.48E+08 1.40E+08 1.29E+08 1.17E+08 1.04E+08 9.15E+07 7.89E+07 6.69E+07 5.58E+07 4.59E+07 3.71E+07 2.96E+07 2.33E+07 1.80E+07 1.37E+07 1.03E+07 7.67E+06 5.61E+06 4.05E+06 2.88E+06 
  11.00  0.545  1.62E+10 1.43E+10 1.43E+10 1.65E+08 3.24E+08 4.72E+08 6.04E+08 7.17E+08 8.07E+08 8.73E+08 9.15E+08 9.33E+08 9.28E+08 9.04E+08 8.63E+08 8.09E+08 7.45E+08 6.75E+08 6.01E+08 5.28E+08 4.56E+08 3.88E+08 3.26E+08 2.70E+08 2.20E+08 1.77E+08 1.41E+08 1.11E+08 8.56E+07 6.53E+07 4.93E+07 3.67E+07 2.69E+07 
  12.00  0.545  1.06E+11 8.93E+10 8.93E+10 9.48E+08 1.87E+09 2.73E+09 3.50E+09 4.17E+09 4.72E+09 5.14E+09 5.42E+09 5.57E+09 5.59E+09 5.50E+09 5.30E+09 5.03E+09 4.69E+09 4.30E+09 3.89E+09 3.47E+09 3.04E+09 2.64E+09 2.26E+09 1.90E+09 1.58E+09 1.30E+09 1.06E+09 8.49E+08 6.72E+08 5.26E+08 4.07E+08 3.11E+08 2.35E+08 
  13.00  0.545  6.63E+11 5.58E+11 5.58E+11 5.49E+09 1.08E+10 1.58E+10 2.04E+10 2.44E+10 2.77E+10 3.03E+10 3.22E+10 3.33E+10 3.36E+10 3.34E+10 3.25E+10 3.11E+10 2.93E+10 2.72E+10 2.49E+10 2.25E+10 2.00E+10 1.76E+10 1.53E+10 1.31E+10 1.11E+10 9.29E+09 7.68E+09 6.28E+09 5.08E+09 4.06E+09 3.21E+09 2.50E+09 1.94E+09 
  14.00  0.545  4.17E+12 3.51E+12 3.51E+12 3.21E+10 6.34E+10 9.29E+10 1.20E+11 1.44E+11 1.64E+11 1.80E+11 1.92E+11 2.00E+11 2.04E+11 2.03E+11 2.00E+11 1.93E+11 1.83E+11 1.72E+11 1.59E+11 1.45E+11 1.31E+11 1.16E+11 1.02E+11 8.90E+10 7.65E+10 6.50E+10 5.47E+10 4.55E+10 3.74E+10 3.04E+10 2.45E+10 1.95E+10 1.54E+10 
  15.00  0.545  2.62E+13 2.20E+13 2.20E+13 1.89E+11 3.73E+11 5.48E+11 7.09E+11 8.52E+11 9.75E+11 1.08E+12 1.15E+12 1.21E+12 1.23E+12 1.24E+12 1.23E+12 1.19E+12 1.14E+12 1.08E+12 1.01E+12 9.30E+11 8.47E+11 7.62E+11 6.78E+11 5.97E+11 5.19E+11 4.47E+11 3.81E+11 3.22E+11 2.69E+11 2.22E+11 1.82E+11 1.47E+11 1.18E+11 
  16.00  0.545  1.65E+14 1.38E+14 1.38E+14 1.12E+12 2.21E+12 3.24E+12 4.20E+12 5.07E+12 5.81E+12 6.43E+12 6.92E+12 7.27E+12 7.48E+12 7.56E+12 7.51E+12 7.35E+12 7.10E+12 6.76E+12 6.36E+12 5.92E+12 5.44E+12 4.94E+12 4.44E+12 3.95E+12 3.48E+12 3.03E+12 2.62E+12 2.23E+12 1.89E+12 1.58E+12 1.32E+12 1.08E+12 8.81E+11 
  17.00  0.545  1.03E+15 8.70E+14 8.70E+14 6.61E+12 1.31E+13 1.92E+13 2.50E+13 3.02E+13 3.47E+13 3.86E+13 4.16E+13 4.39E+13 4.53E+13 4.60E+13 4.60E+13 4.53E+13 4.40E+13 4.22E+13 4.00E+13 3.75E+13 3.47E+13 3.18E+13 2.89E+13 2.59E+13 2.30E+13 2.03E+13 1.77E+13 1.53E+13 1.31E+13 1.11E+13 9.33E+12 7.78E+12 6.42E+12 
  18.00  0.545  6.50E+15 5.46E+15 5.46E+15 3.93E+13 7.78E+13 1.15E+14 1.49E+14 1.80E+14 2.08E+14 2.31E+14 2.50E+14 2.65E+14 2.75E+14 2.80E+14 2.81E+14 2.79E+14 2.72E+14 2.63E+14 2.50E+14 2.36E+14 2.20E+14 2.04E+14 1.86E+14 1.69E+14 1.51E+14 1.34E+14 1.18E+14 1.03E+14 8.94E+13 7.66E+13 6.52E+13 5.49E+13 4.59E+13 
  19.00  0.545  4.08E+16 3.43E+16 3.43E+16 2.34E+14 4.64E+14 6.84E+14 8.90E+14 1.08E+15 1.25E+15 1.39E+15 1.51E+15 1.60E+15 1.67E+15 1.71E+15 1.72E+15 1.71E+15 1.68E+15 1.63E+15 1.56E+15 1.48E+15 1.39E+15 1.30E+15 1.19E+15 1.09E+15 9.85E+14 8.83E+14 7.84E+14 6.91E+14 6.03E+14 5.22E+14 4.49E+14 3.82E+14 3.23E+14 
  20.00  0.545  2.56E+17 2.15E+17 2.15E+17 1.40E+15 2.77E+15 4.09E+15 5.33E+15 6.47E+15 7.49E+15 8.37E+15 9.11E+15 9.70E+15 1.01E+16 1.04E+16 1.05E+16 1.05E+16 1.04E+16 1.01E+16 9.75E+15 9.30E+15 8.79E+15 8.22E+15 7.62E+15 7.00E+15 6.38E+15 5.76E+15 5.15E+15 4.58E+15 4.03E+15 3.52E+15 3.05E+15 2.63E+15 2.24E+15 
  22.50  0.545  5.33E+19 2.12E+19 2.12E+19 1.23E+17 2.44E+17 3.60E+17 4.71E+17 5.73E+17 6.66E+17 7.49E+17 8.19E+17 8.77E+17 9.22E+17 9.54E+17 9.74E+17 9.81E+17 9.77E+17 9.62E+17 9.38E+17 9.05E+17 8.66E+17 8.21E+17 7.71E+17 7.19E+17 6.65E+17 6.10E+17 5.55E+17 5.02E+17 4.50E+17 4.00E+17 3.54E+17 3.11E+17 2.71E+17 
  25.00  0.545  5.27E+21 2.09E+21 2.09E+21 1.09E+19 2.17E+19 3.21E+19 4.20E+19 5.13E+19 5.98E+19 6.74E+19 7.41E+19 7.97E+19 8.42E+19 8.77E+19 9.01E+19 9.14E+19 9.17E+19 9.11E+19 8.96E+19 8.73E+19 8.43E+19 8.08E+19 7.67E+19 7.24E+19 6.77E+19 6.29E+19 5.81E+19 5.32E+19 4.84E+19 4.37E+19 3.93E+19 3.50E+19 3.10E+19 
  30.00  0.545  1.01E+26 2.01E+25 2.01E+25 8.81E+22 1.75E+23 2.60E+23 3.41E+23 4.18E+23 4.90E+23 5.55E+23 6.14E+23 6.66E+23 7.09E+23 7.45E+23 7.73E+23 7.93E+23 8.05E+23 8.09E+23 8.06E+23 7.97E+23 7.81E+23 7.61E+23 7.35E+23 7.05E+23 6.73E+23 6.37E+23 6.00E+23 5.61E+23 5.22E+23 4.82E+23 4.43E+23 4.05E+23 3.68E+23 
