   0.25  0.155  3.47E+00 1.39E+01 1.39E+01 1.86E+00 2.99E+00 3.14E+00 2.53E+00 1.66E+00 9.04E-01 4.15E-01 1.62E-01 5.38E-02 1.53E-02 3.73E-03 7.81E-04 1.41E-04 2.19E-05 2.93E-06 3.38E-07 3.36E-08 2.89E-09 2.15E-10 1.38E-11 7.64E-13 3.66E-14 1.52E-15 5.44E-17 1.68E-18 0.00E+00 0.00E+00 0.00E+00 0.00E+00 0.00E+00 
   0.50  0.253  1.04E+01 2.77E+01 2.77E+01 3.27E+00 5.42E+00 5.94E+00 5.10E+00 3.63E+00 2.18E+00 1.13E+00 5.03E-01 1.95E-01 6.57E-02 1.94E-02 4.99E-03 1.13E-03 2.23E-04 3.87E-05 5.91E-06 7.93E-07 9.34E-08 9.68E-09 8.83E-10 7.08E-11 5.00E-12 3.11E-13 1.70E-14 8.19E-16 3.48E-17 1.30E-18 0.00E+00 0.00E+00 0.00E+00 
   0.75  0.353  2.33E+01 5.14E+01 5.14E+01 5.42E+00 9.16E+00 1.04E+01 9.39E+00 7.11E+00 4.62E+00 2.61E+00 1.29E+00 5.65E-01 2.18E-01 7.43E-02 2.25E-02 6.05E-03 1.45E-03 3.08E-04 5.84E-05 9.86E-06 1.48E-06 1.99E-07 2.39E-08 2.55E-09 2.43E-10 2.07E-11 1.58E-12 1.07E-13 6.49E-15 3.51E-16 1.70E-17 7.35E-19 0.00E+00 
   1.00  0.437  4.57E+01 8.98E+01 8.98E+01 8.56E+00 1.47E+01 1.72E+01 1.61E+01 1.29E+01 8.89E+00 5.40E+00 2.91E+00 1.40E+00 5.99E-01 2.30E-01 7.91E-02 2.45E-02 6.81E-03 1.70E-03 3.84E-04 7.81E-05 1.43E-05 2.36E-06 3.52E-07 4.73E-08 5.74E-09 6.28E-10 6.21E-11 5.55E-12 4.47E-13 3.26E-14 2.14E-15 1.27E-16 6.85E-18 
   1.25  0.448  8.36E+01 1.51E+02 1.51E+02 1.32E+01 2.30E+01 2.75E+01 2.66E+01 2.21E+01 1.61E+01 1.04E+01 5.98E+00 3.10E+00 1.45E+00 6.12E-01 2.34E-01 8.12E-02 2.56E-02 7.31E-03 1.90E-03 4.49E-04 9.64E-05 1.89E-05 3.36E-06 5.44E-07 8.04E-08 1.08E-08 1.33E-09 1.48E-10 1.51E-11 1.40E-12 1.19E-13 9.15E-15 6.43E-16 
   1.50  0.515  1.43E+02 2.37E+02 2.37E+02 1.90E+01 3.35E+01 4.08E+01 4.06E+01 3.49E+01 2.64E+01 1.79E+01 1.09E+01 6.05E+00 3.04E+00 1.39E+00 5.82E-01 2.22E-01 7.74E-02 2.47E-02 7.22E-03 1.93E-03 4.75E-04 1.07E-04 2.21E-05 4.19E-06 7.29E-07 1.16E-07 1.71E-08 2.30E-09 2.84E-10 3.23E-11 3.37E-12 3.23E-13 2.84E-14 
   1.75  0.536  2.36E+02 3.73E+02 3.73E+02 2.77E+01 4.93E+01 6.10E+01 6.21E+01 5.49E+01 4.31E+01 3.05E+01 1.95E+01 1.14E+01 6.10E+00 2.99E+00 1.34E+00 5.56E-01 2.11E-01 7.41E-02 2.39E-02 7.13E-03 1.96E-03 4.97E-04 1.16E-04 2.52E-05 5.03E-06 9.29E-07 1.59E-07 2.50E-08 3.64E-09 4.91E-10 6.11E-11 7.04E-12 7.50E-13 
   2.00  0.561  3.83E+02 5.89E+02 5.89E+02 4.07E+01 7.31E+01 9.16E+01 9.51E+01 8.62E+01 6.98E+01 5.11E+01 3.42E+01 2.09E+01 1.18E+01 6.11E+00 2.93E+00 1.30E+00 5.32E-01 2.02E-01 7.11E-02 2.32E-02 7.02E-03 1.97E-03 5.14E-04 1.25E-04 2.80E-05 5.86E-06 1.14E-06 2.05E-07 3.45E-08 5.38E-09 7.79E-10 1.05E-10 1.32E-11 
   2.25  0.522  6.28E+02 9.76E+02 9.76E+02 6.31E+01 1.14E+02 1.45E+02 1.53E+02 1.41E+02 1.18E+02 8.89E+01 6.16E+01 3.93E+01 2.31E+01 1.26E+01 6.39E+00 3.01E+00 1.31E+00 5.35E-01 2.03E-01 7.16E-02 2.36E-02 7.23E-03 2.07E-03 5.53E-04 1.38E-04 3.21E-05 6.98E-06 1.42E-06 2.68E-07 4.75E-08 7.86E-09 1.21E-09 1.75E-10 
   2.50  0.500  1.04E+03 1.66E+03 1.66E+03 1.00E+02 1.83E+02 2.35E+02 2.51E+02 2.37E+02 2.02E+02 1.57E+02 1.12E+02 7.40E+01 4.53E+01 2.59E+01 1.37E+01 6.81E+00 3.15E+00 1.36E+00 5.50E-01 2.08E-01 7.38E-02 2.45E-02 7.60E-03 2.21E-03 6.03E-04 1.54E-04 3.70E-05 8.32E-06 1.75E-06 3.47E-07 6.43E-08 1.12E-08 1.83E-09 
   2.75  0.490  1.72E+03 2.71E+03 2.71E+03 1.55E+02 2.84E+02 3.67E+02 3.98E+02 3.82E+02 3.32E+02 2.64E+02 1.94E+02 1.32E+02 8.39E+01 4.98E+01 2.76E+01 1.43E+01 6.96E+00 3.17E+00 1.36E+00 5.46E-01 2.06E-01 7.33E-02 2.45E-02 7.68E-03 2.27E-03 6.30E-04 1.65E-04 4.06E-05 9.39E-06 2.05E-06 4.21E-07 8.13E-08 1.48E-08 
   3.00  0.486  2.86E+03 4.58E+03 4.58E+03 2.47E+02 4.55E+02 5.94E+02 6.52E+02 6.35E+02 5.61E+02 4.56E+02 3.43E+02 2.41E+02 1.58E+02 9.68E+01 5.57E+01 3.01E+01 1.53E+01 7.32E+00 3.30E+00 1.40E+00 5.60E-01 2.11E-01 7.52E-02 2.52E-02 8.00E-03 2.39E-03 6.76E-04 1.80E-04 4.54E-05 1.08E-05 2.43E-06 5.15E-07 1.03E-07 
   3.25  0.681  4.42E+03 6.24E+03 6.24E+03 3.20E+02 5.92E+02 7.78E+02 8.63E+02 8.51E+02 7.64E+02 6.33E+02 4.87E+02 3.50E+02 2.36E+02 1.49E+02 8.88E+01 4.98E+01 2.63E+01 1.32E+01 6.20E+00 2.76E+00 1.16E+00 4.63E-01 1.75E-01 6.22E-02 2.10E-02 6.71E-03 2.03E-03 5.82E-04 1.58E-04 4.06E-05 9.89E-06 2.28E-06 4.99E-07 
   3.50  0.689  6.76E+03 9.34E+03 9.34E+03 4.56E+02 8.46E+02 1.12E+03 1.25E+03 1.25E+03 1.14E+03 9.60E+02 7.54E+02 5.54E+02 3.83E+02 2.49E+02 1.53E+02 8.86E+01 4.85E+01 2.52E+01 1.24E+01 5.75E+00 2.54E+00 1.06E+00 4.21E-01 1.58E-01 5.66E-02 1.92E-02 6.18E-03 1.89E-03 5.48E-04 1.51E-04 3.96E-05 9.85E-06 2.33E-06 
   3.75  0.716  1.05E+04 1.48E+04 1.48E+04 6.88E+02 1.28E+03 1.70E+03 1.92E+03 1.94E+03 1.79E+03 1.53E+03 1.23E+03 9.20E+02 6.50E+02 4.33E+02 2.73E+02 1.63E+02 9.24E+01 4.96E+01 2.53E+01 1.22E+01 5.62E+00 2.46E+00 1.02E+00 4.04E-01 1.52E-01 5.43E-02 1.85E-02 6.00E-03 1.85E-03 5.43E-04 1.52E-04 4.05E-05 1.03E-05 
   4.00  0.545  1.63E+04 2.34E+04 2.34E+04 1.04E+03 1.94E+03 2.60E+03 2.95E+03 3.01E+03 2.81E+03 2.44E+03 1.98E+03 1.52E+03 1.09E+03 7.46E+02 4.82E+02 2.96E+02 1.72E+02 9.56E+01 5.04E+01 2.53E+01 1.21E+01 5.49E+00 2.38E+00 9.84E-01 3.88E-01 1.46E-01 5.22E-02 1.78E-02 5.82E-03 1.81E-03 5.37E-04 1.52E-04 4.11E-05 
   4.25  0.545  2.55E+04 3.70E+04 3.70E+04 1.57E+03 2.95E+03 3.97E+03 4.54E+03 4.67E+03 4.41E+03 3.88E+03 3.20E+03 2.48E+03 1.83E+03 1.27E+03 8.41E+02 5.29E+02 3.17E+02 1.81E+02 9.82E+01 5.09E+01 2.52E+01 1.19E+01 5.35E+00 2.30E+00 9.47E-01 3.72E-01 1.40E-01 5.01E-02 1.72E-02 5.63E-03 1.77E-03 5.29E-04 1.52E-04 
   4.50  0.545  4.01E+04 5.84E+04 5.84E+04 2.39E+03 4.48E+03 6.06E+03 6.98E+03 7.23E+03 6.90E+03 6.14E+03 5.13E+03 4.05E+03 3.03E+03 2.15E+03 1.45E+03 9.35E+02 5.74E+02 3.36E+02 1.88E+02 1.00E+02 5.12E+01 2.50E+01 1.17E+01 5.21E+00 2.23E+00 9.11E-01 3.57E-01 1.34E-01 4.81E-02 1.65E-02 5.45E-03 1.72E-03 5.20E-04 
   4.75  0.545  6.32E+04 9.24E+04 9.24E+04 3.63E+03 6.83E+03 9.27E+03 1.07E+04 1.12E+04 1.08E+04 9.71E+03 8.22E+03 6.58E+03 5.00E+03 3.61E+03 2.49E+03 1.63E+03 1.03E+03 6.15E+02 3.53E+02 1.94E+02 1.02E+02 5.12E+01 2.47E+01 1.14E+01 5.06E+00 2.15E+00 8.77E-01 3.43E-01 1.28E-01 4.62E-02 1.59E-02 5.27E-03 1.68E-03 
   5.00  0.545  9.98E+04 1.46E+05 1.46E+05 5.52E+03 1.04E+04 1.42E+04 1.65E+04 1.74E+04 1.69E+04 1.53E+04 1.31E+04 1.07E+04 8.21E+03 6.03E+03 4.23E+03 2.83E+03 1.81E+03 1.11E+03 6.53E+02 3.68E+02 1.99E+02 1.03E+02 5.12E+01 2.44E+01 1.12E+01 4.92E+00 2.08E+00 8.43E-01 3.29E-01 1.23E-01 4.43E-02 1.53E-02 5.10E-03 
   5.50  0.545  2.83E+05 3.66E+05 3.66E+05 1.28E+04 2.43E+04 3.34E+04 3.92E+04 4.18E+04 4.12E+04 3.81E+04 3.33E+04 2.77E+04 2.19E+04 1.65E+04 1.20E+04 8.29E+03 5.51E+03 3.52E+03 2.16E+03 1.27E+03 7.20E+02 3.93E+02 2.06E+02 1.04E+02 5.05E+01 2.36E+01 1.07E+01 4.63E+00 1.93E+00 7.79E-01 3.03E-01 1.13E-01 4.08E-02 
   6.00  0.545  7.40E+05 9.14E+05 9.14E+05 3.00E+04 5.70E+04 7.87E+04 9.34E+04 1.00E+05 1.00E+05 9.42E+04 8.39E+04 7.11E+04 5.75E+04 4.46E+04 3.32E+04 2.37E+04 1.63E+04 1.07E+04 6.83E+03 4.19E+03 2.47E+03 1.41E+03 7.74E+02 4.11E+02 2.10E+02 1.04E+02 4.94E+01 2.27E+01 1.01E+01 4.34E+00 1.80E+00 7.20E-01 2.79E-01 
   6.50  0.545  1.88E+06 2.29E+06 2.29E+06 7.03E+04 1.34E+05 1.86E+05 2.23E+05 2.42E+05 2.44E+05 2.33E+05 2.10E+05 1.81E+05 1.50E+05 1.19E+05 9.03E+04 6.62E+04 4.67E+04 3.18E+04 2.09E+04 1.33E+04 8.13E+03 4.81E+03 2.76E+03 1.52E+03 8.16E+02 4.22E+02 2.11E+02 1.02E+02 4.80E+01 2.18E+01 9.55E+00 4.06E+00 1.67E+00 
   7.00  0.545  4.74E+06 5.71E+06 5.71E+06 1.66E+05 3.17E+05 4.42E+05 5.31E+05 5.82E+05 5.94E+05 5.72E+05 5.25E+05 4.60E+05 3.86E+05 3.12E+05 2.43E+05 1.82E+05 1.32E+05 9.22E+04 6.23E+04 4.07E+04 2.58E+04 1.58E+04 9.37E+03 5.38E+03 3.00E+03 1.62E+03 8.45E+02 4.28E+02 2.10E+02 1.00E+02 4.62E+01 2.07E+01 9.00E+00 
   7.50  0.545  1.19E+07 1.43E+07 1.43E+07 3.91E+05 7.51E+05 1.05E+06 1.27E+06 1.40E+06 1.44E+06 1.41E+06 1.31E+06 1.16E+06 9.90E+05 8.13E+05 6.45E+05 4.93E+05 3.65E+05 2.62E+05 1.81E+05 1.22E+05 7.94E+04 5.01E+04 3.07E+04 1.82E+04 1.05E+04 5.88E+03 3.19E+03 1.68E+03 8.63E+02 4.29E+02 2.07E+02 9.73E+01 4.44E+01 
   8.00  0.545  2.97E+07 3.57E+07 3.57E+07 9.28E+05 1.78E+06 2.51E+06 3.05E+06 3.38E+06 3.51E+06 3.45E+06 3.24E+06 2.91E+06 2.52E+06 2.10E+06 1.70E+06 1.32E+06 9.98E+05 7.30E+05 5.18E+05 3.57E+05 2.38E+05 1.55E+05 9.74E+04 5.96E+04 3.55E+04 2.05E+04 1.15E+04 6.30E+03 3.35E+03 1.73E+03 8.72E+02 4.26E+02 2.03E+02 
   8.50  0.545  7.44E+07 8.93E+07 8.93E+07 2.20E+06 4.25E+06 5.99E+06 7.31E+06 8.17E+06 8.54E+06 8.47E+06 8.03E+06 7.30E+06 6.40E+06 5.41E+06 4.43E+06 3.51E+06 2.70E+06 2.01E+06 1.46E+06 1.02E+06 7.00E+05 4.66E+05 3.01E+05 1.89E+05 1.16E+05 6.90E+04 4.00E+04 2.26E+04 1.24E+04 6.65E+03 3.47E+03 1.76E+03 8.72E+02 
   9.00  0.545  1.86E+08 2.23E+08 2.23E+08 5.25E+06 1.01E+07 1.43E+07 1.76E+07 1.97E+07 2.08E+07 2.08E+07 1.99E+07 1.82E+07 1.62E+07 1.38E+07 1.15E+07 9.24E+06 7.22E+06 5.48E+06 4.04E+06 2.90E+06 2.02E+06 1.37E+06 9.09E+05 5.86E+05 3.68E+05 2.25E+05 1.34E+05 7.81E+04 4.42E+04 2.45E+04 1.32E+04 6.92E+03 3.55E+03 
   9.50  0.545  4.65E+08 5.58E+08 5.58E+08 1.25E+07 2.42E+07 3.44E+07 4.23E+07 4.77E+07 5.06E+07 5.09E+07 4.90E+07 4.55E+07 4.07E+07 3.53E+07 2.96E+07 2.42E+07 1.92E+07 1.48E+07 1.11E+07 8.09E+06 5.75E+06 3.99E+06 2.69E+06 1.78E+06 1.14E+06 7.16E+05 4.38E+05 2.61E+05 1.52E+05 8.66E+04 4.81E+04 2.61E+04 1.38E+04 
  10.00  0.545  1.16E+09 1.40E+09 1.40E+09 3.00E+07 5.81E+07 8.25E+07 1.02E+08 1.16E+08 1.23E+08 1.25E+08 1.21E+08 1.13E+08 1.02E+08 8.96E+07 7.61E+07 6.28E+07 5.05E+07 3.94E+07 3.00E+07 2.23E+07 1.61E+07 1.14E+07 7.85E+06 5.28E+06 3.47E+06 2.22E+06 1.39E+06 8.51E+05 5.09E+05 2.97E+05 1.69E+05 9.44E+04 5.14E+04 
  11.00  0.545  9.88E+09 8.72E+09 8.72E+09 1.73E+08 3.35E+08 4.78E+08 5.94E+08 6.79E+08 7.30E+08 7.48E+08 7.36E+08 6.98E+08 6.42E+08 5.72E+08 4.96E+08 4.18E+08 3.44E+08 2.76E+08 2.16E+08 1.65E+08 1.23E+08 8.97E+07 6.39E+07 4.46E+07 3.04E+07 2.02E+07 1.32E+07 8.43E+06 5.26E+06 3.22E+06 1.93E+06 1.13E+06 6.47E+05 
  12.00  0.545  6.44E+10 5.45E+10 5.45E+10 9.99E+08 1.94E+09 2.78E+09 3.48E+09 4.00E+09 4.34E+09 4.49E+09 4.46E+09 4.29E+09 4.00E+09 3.62E+09 3.19E+09 2.74E+09 2.30E+09 1.88E+09 1.51E+09 1.18E+09 9.05E+08 6.78E+08 4.97E+08 3.57E+08 2.51E+08 1.73E+08 1.17E+08 7.75E+07 5.02E+07 3.19E+07 1.99E+07 1.22E+07 7.29E+06 
  13.00  0.545  4.05E+11 3.40E+11 3.40E+11 5.81E+09 1.13E+10 1.63E+10 2.04E+10 2.36E+10 2.58E+10 2.69E+10 2.70E+10 2.63E+10 2.48E+10 2.27E+10 2.03E+10 1.78E+10 1.52E+10 1.27E+10 1.03E+10 8.26E+09 6.47E+09 4.97E+09 3.73E+09 2.75E+09 1.99E+09 1.41E+09 9.83E+08 6.72E+08 4.50E+08 2.96E+08 1.91E+08 1.21E+08 7.53E+07 
  14.00  0.545  2.54E+12 2.14E+12 2.14E+12 3.42E+10 6.68E+10 9.62E+10 1.21E+11 1.41E+11 1.55E+11 1.63E+11 1.65E+11 1.62E+11 1.54E+11 1.43E+11 1.30E+11 1.15E+11 9.94E+10 8.43E+10 7.01E+10 5.71E+10 4.56E+10 3.57E+10 2.74E+10 2.07E+10 1.53E+10 1.12E+10 7.97E+09 5.59E+09 3.85E+09 2.61E+09 1.74E+09 1.14E+09 7.31E+08 
  15.00  0.545  1.60E+13 1.34E+13 1.34E+13 2.02E+11 3.95E+11 5.71E+11 7.22E+11 8.42E+11 9.30E+11 9.83E+11 1.00E+12 9.92E+11 9.55E+11 8.96E+11 8.21E+11 7.36E+11 6.46E+11 5.56E+11 4.69E+11 3.88E+11 3.15E+11 2.51E+11 1.97E+11 1.52E+11 1.15E+11 8.53E+10 6.23E+10 4.48E+10 3.17E+10 2.20E+10 1.51E+10 1.01E+10 6.70E+09 
  16.00  0.545  1.00E+14 8.45E+13 8.45E+13 1.20E+12 2.34E+12 3.39E+12 4.30E+12 5.05E+12 5.60E+12 5.95E+12 6.11E+12 6.09E+12 5.91E+12 5.59E+12 5.18E+12 4.69E+12 4.17E+12 3.63E+12 3.10E+12 2.60E+12 2.15E+12 1.74E+12 1.39E+12 1.09E+12 8.38E+11 6.35E+11 4.74E+11 3.48E+11 2.51E+11 1.79E+11 1.25E+11 8.63E+10 5.86E+10 
  17.00  0.545  6.31E+14 5.31E+14 5.31E+14 7.12E+12 1.40E+13 2.02E+13 2.57E+13 3.03E+13 3.37E+13 3.60E+13 3.72E+13 3.73E+13 3.65E+13 3.48E+13 3.25E+13 2.98E+13 2.67E+13 2.35E+13 2.04E+13 1.73E+13 1.45E+13 1.19E+13 9.62E+12 7.66E+12 6.00E+12 4.63E+12 3.52E+12 2.63E+12 1.94E+12 1.41E+12 1.01E+12 7.10E+11 4.93E+11 
  18.00  0.545  3.96E+15 3.33E+15 3.33E+15 4.24E+13 8.32E+13 1.21E+14 1.54E+14 1.82E+14 2.03E+14 2.18E+14 2.27E+14 2.29E+14 2.25E+14 2.16E+14 2.04E+14 1.88E+14 1.70E+14 1.52E+14 1.33E+14 1.14E+14 9.64E+13 8.03E+13 6.58E+13 5.32E+13 4.23E+13 3.31E+13 2.56E+13 1.95E+13 1.46E+13 1.08E+13 7.87E+12 5.66E+12 4.01E+12 
  19.00  0.545  2.49E+16 2.09E+16 2.09E+16 2.53E+14 4.98E+14 7.24E+14 9.25E+14 1.09E+15 1.23E+15 1.32E+15 1.38E+15 1.40E+15 1.39E+15 1.34E+15 1.27E+15 1.18E+15 1.08E+15 9.71E+14 8.57E+14 7.45E+14 6.37E+14 5.37E+14 4.46E+14 3.64E+14 2.94E+14 2.33E+14 1.83E+14 1.41E+14 1.08E+14 8.10E+13 6.01E+13 4.40E+13 3.17E+13 
  20.00  0.545  1.56E+17 1.31E+17 1.31E+17 1.52E+15 2.98E+15 4.35E+15 5.56E+15 6.60E+15 7.43E+15 8.04E+15 8.42E+15 8.58E+15 8.54E+15 8.31E+15 7.93E+15 7.43E+15 6.84E+15 6.19E+15 5.52E+15 4.84E+15 4.18E+15 3.56E+15 2.99E+15 2.47E+15 2.02E+15 1.62E+15 1.29E+15 1.01E+15 7.81E+14 5.96E+14 4.49E+14 3.34E+14 2.45E+14 
  22.50  0.545  3.25E+19 1.29E+19 1.29E+19 1.34E+17 2.64E+17 3.86E+17 4.96E+17 5.92E+17 6.70E+17 7.31E+17 7.73E+17 7.96E+17 8.01E+17 7.90E+17 7.64E+17 7.27E+17 6.80E+17 6.27E+17 5.69E+17 5.09E+17 4.49E+17 3.91E+17 3.36E+17 2.85E+17 2.39E+17 1.97E+17 1.61E+17 1.30E+17 1.04E+17 8.18E+16 6.37E+16 4.91E+16 3.73E+16 
  25.00  0.545  3.22E+21 1.27E+21 1.27E+21 1.20E+19 2.36E+19 3.45E+19 4.46E+19 5.34E+19 6.08E+19 6.67E+19 7.11E+19 7.38E+19 7.50E+19 7.47E+19 7.31E+19 7.04E+19 6.67E+19 6.24E+19 5.75E+19 5.23E+19 4.69E+19 4.16E+19 3.65E+19 3.15E+19 2.70E+19 2.28E+19 1.91E+19 1.58E+19 1.29E+19 1.04E+19 8.35E+18 6.61E+18 5.18E+18 
  30.00  0.545  6.14E+25 1.23E+25 1.23E+25 9.71E+22 1.92E+23 2.82E+23 3.66E+23 4.41E+23 5.07E+23 5.62E+23 6.05E+23 6.36E+23 6.56E+23 6.63E+23 6.61E+23 6.48E+23 6.27E+23 5.99E+23 5.65E+23 5.27E+23 4.85E+23 4.42E+23 3.99E+23 3.56E+23 3.15E+23 2.75E+23 2.38E+23 2.04E+23 1.74E+23 1.46E+23 1.22E+23 1.01E+23 8.24E+22 
