   0.25  0.152  3.36E+00 1.35E+01 1.35E+01 2.00E+00 3.14E+00 3.15E+00 2.39E+00 1.45E+00 7.19E-01 2.95E-01 1.01E-01 2.90E-02 7.00E-03 1.43E-03 2.45E-04 3.56E-05 4.38E-06 4.56E-07 4.03E-08 3.02E-09 1.92E-10 1.04E-11 4.76E-13 1.85E-14 6.13E-16 1.72E-17 4.12E-19 0.00E+00 0.00E+00 0.00E+00 0.00E+00 0.00E+00 0.00E+00 
   0.50  0.243  1.03E+01 2.76E+01 2.76E+01 3.30E+00 5.45E+00 5.95E+00 5.08E+00 3.59E+00 2.14E+00 1.09E+00 4.82E-01 1.84E-01 6.13E-02 1.78E-02 4.50E-03 9.96E-04 1.93E-04 3.28E-05 4.88E-06 6.38E-07 7.32E-08 7.37E-09 6.52E-10 5.06E-11 3.46E-12 2.07E-13 1.09E-14 5.07E-16 2.07E-17 7.41E-19 0.00E+00 0.00E+00 0.00E+00 
   0.75  0.337  2.35E+01 5.29E+01 5.29E+01 5.27E+00 9.01E+00 1.04E+01 9.59E+00 7.47E+00 5.03E+00 2.97E+00 1.54E+00 7.11E-01 2.91E-01 1.06E-01 3.47E-02 1.01E-02 2.64E-03 6.17E-04 1.29E-04 2.43E-05 4.09E-06 6.19E-07 8.41E-08 1.03E-08 1.12E-09 1.11E-10 9.80E-12 7.79E-13 5.57E-14 3.58E-15 2.07E-16 1.07E-17 0.00E+00 
   1.00  0.414  4.73E+01 9.54E+01 9.54E+01 8.16E+00 1.43E+01 1.71E+01 1.67E+01 1.39E+01 1.02E+01 6.67E+00 3.90E+00 2.05E+00 9.73E-01 4.18E-01 1.63E-01 5.77E-02 1.86E-02 5.43E-03 1.45E-03 3.51E-04 7.76E-05 1.56E-05 2.88E-06 4.82E-07 7.38E-08 1.03E-08 1.31E-09 1.52E-10 1.62E-11 1.57E-12 1.39E-13 1.12E-14 8.28E-16 
   1.25  0.423  8.89E+01 1.66E+02 1.66E+02 1.25E+01 2.22E+01 2.74E+01 2.78E+01 2.44E+01 1.91E+01 1.34E+01 8.55E+00 4.96E+00 2.62E+00 1.27E+00 5.67E-01 2.32E-01 8.70E-02 3.01E-02 9.59E-03 2.81E-03 7.61E-04 1.90E-04 4.37E-05 9.27E-06 1.82E-06 3.29E-07 5.49E-08 8.46E-09 1.20E-09 1.58E-10 1.92E-11 2.16E-12 2.24E-13 
   1.50  0.483  1.56E+02 2.68E+02 2.68E+02 1.79E+01 3.23E+01 4.08E+01 4.27E+01 3.91E+01 3.21E+01 2.39E+01 1.63E+01 1.02E+01 5.86E+00 3.12E+00 1.54E+00 7.03E-01 2.98E-01 1.17E-01 4.28E-02 1.46E-02 4.60E-03 1.35E-03 3.70E-04 9.43E-05 2.24E-05 4.94E-06 1.02E-06 1.95E-07 3.48E-08 5.79E-09 8.99E-10 1.30E-10 1.75E-11 
   1.75  0.502  2.65E+02 4.37E+02 4.37E+02 2.62E+01 4.78E+01 6.14E+01 6.59E+01 6.23E+01 5.32E+01 4.15E+01 2.98E+01 1.98E+01 1.22E+01 6.99E+00 3.74E+00 1.86E+00 8.69E-01 3.79E-01 1.55E-01 5.90E-02 2.11E-02 7.08E-03 2.22E-03 6.54E-04 1.81E-04 4.68E-05 1.14E-05 2.59E-06 5.55E-07 1.11E-07 2.10E-08 3.71E-09 6.16E-10 
   2.00  0.523  4.43E+02 7.11E+02 7.11E+02 3.89E+01 7.15E+01 9.32E+01 1.02E+02 9.90E+01 8.72E+01 7.06E+01 5.29E+01 3.69E+01 2.40E+01 1.46E+01 8.36E+00 4.48E+00 2.26E+00 1.07E+00 4.77E-01 2.00E-01 7.93E-02 2.96E-02 1.04E-02 3.44E-03 1.08E-03 3.17E-04 8.82E-05 2.32E-05 5.74E-06 1.34E-06 2.96E-07 6.17E-08 1.21E-08 
   2.25  0.489  7.47E+02 1.22E+03 1.22E+03 6.11E+01 1.13E+02 1.49E+02 1.66E+02 1.65E+02 1.49E+02 1.24E+02 9.66E+01 7.01E+01 4.78E+01 3.06E+01 1.85E+01 1.05E+01 5.65E+00 2.87E+00 1.38E+00 6.27E-01 2.70E-01 1.10E-01 4.23E-02 1.55E-02 5.36E-03 1.76E-03 5.48E-04 1.62E-04 4.52E-05 1.20E-05 3.02E-06 7.22E-07 1.64E-07 
   2.50  0.470  1.28E+03 2.13E+03 2.13E+03 9.88E+01 1.84E+02 2.45E+02 2.77E+02 2.80E+02 2.58E+02 2.21E+02 1.77E+02 1.33E+02 9.44E+01 6.31E+01 3.99E+01 2.39E+01 1.35E+01 7.29E+00 3.73E+00 1.81E+00 8.36E-01 3.67E-01 1.53E-01 6.08E-02 2.29E-02 8.25E-03 2.82E-03 9.19E-04 2.85E-04 8.42E-05 2.37E-05 6.35E-06 1.62E-06 
   2.75  0.461  2.18E+03 3.60E+03 3.60E+03 1.55E+02 2.90E+02 3.90E+02 4.46E+02 4.57E+02 4.31E+02 3.77E+02 3.10E+02 2.40E+02 1.76E+02 1.22E+02 8.00E+01 5.00E+01 2.97E+01 1.68E+01 9.08E+00 4.67E+00 2.29E+00 1.07E+00 4.77E-01 2.03E-01 8.27E-02 3.21E-02 1.19E-02 4.23E-03 1.43E-03 4.63E-04 1.43E-04 4.23E-05 1.20E-05 
   3.00  0.457  3.75E+03 6.28E+03 6.28E+03 2.52E+02 4.75E+02 6.43E+02 7.42E+02 7.71E+02 7.39E+02 6.60E+02 5.55E+02 4.40E+02 3.31E+02 2.37E+02 1.61E+02 1.05E+02 6.47E+01 3.83E+01 2.16E+01 1.17E+01 6.03E+00 2.98E+00 1.41E+00 6.38E-01 2.77E-01 1.15E-01 4.57E-02 1.74E-02 6.37E-03 2.23E-03 7.49E-04 2.41E-04 7.43E-05 
   3.25  0.582  6.02E+03 9.07E+03 9.07E+03 3.42E+02 6.45E+02 8.79E+02 1.03E+03 1.08E+03 1.05E+03 9.52E+02 8.15E+02 6.62E+02 5.10E+02 3.75E+02 2.63E+02 1.76E+02 1.13E+02 6.93E+01 4.08E+01 2.30E+01 1.24E+01 6.44E+00 3.21E+00 1.53E+00 7.02E-01 3.09E-01 1.31E-01 5.32E-02 2.08E-02 7.79E-03 2.81E-03 9.73E-04 3.24E-04 
   3.50  0.601  9.47E+03 1.38E+04 1.38E+04 4.91E+02 9.29E+02 1.27E+03 1.50E+03 1.59E+03 1.56E+03 1.44E+03 1.26E+03 1.04E+03 8.20E+02 6.18E+02 4.45E+02 3.07E+02 2.03E+02 1.29E+02 7.84E+01 4.59E+01 2.58E+01 1.40E+01 7.27E+00 3.64E+00 1.75E+00 8.13E-01 3.63E-01 1.56E-01 6.45E-02 2.57E-02 9.88E-03 3.65E-03 1.30E-03 
   3.75  0.636  1.49E+04 2.19E+04 2.19E+04 7.33E+02 1.39E+03 1.92E+03 2.27E+03 2.43E+03 2.42E+03 2.26E+03 2.00E+03 1.69E+03 1.36E+03 1.04E+03 7.68E+02 5.43E+02 3.69E+02 2.41E+02 1.52E+02 9.19E+01 5.36E+01 3.01E+01 1.63E+01 8.50E+00 4.28E+00 2.08E+00 9.72E-01 4.39E-01 1.92E-01 8.06E-02 3.27E-02 1.28E-02 4.85E-03 
   4.00  0.545  2.36E+04 3.46E+04 3.46E+04 1.10E+03 2.09E+03 2.90E+03 3.45E+03 3.73E+03 3.75E+03 3.54E+03 3.18E+03 2.72E+03 2.22E+03 1.74E+03 1.31E+03 9.49E+02 6.61E+02 4.43E+02 2.87E+02 1.79E+02 1.08E+02 6.25E+01 3.51E+01 1.90E+01 9.94E+00 5.03E+00 2.46E+00 1.16E+00 5.30E-01 2.34E-01 9.98E-02 4.12E-02 1.64E-02 
   4.25  0.545  3.73E+04 5.47E+04 5.47E+04 1.65E+03 3.15E+03 4.38E+03 5.25E+03 5.71E+03 5.79E+03 5.54E+03 5.03E+03 4.36E+03 3.62E+03 2.89E+03 2.21E+03 1.63E+03 1.16E+03 8.00E+02 5.31E+02 3.40E+02 2.11E+02 1.26E+02 7.30E+01 4.09E+01 2.22E+01 1.16E+01 5.90E+00 2.90E+00 1.38E+00 6.37E-01 2.84E-01 1.23E-01 5.15E-02 
   4.50  0.545  5.89E+04 8.65E+04 8.65E+04 2.49E+03 4.76E+03 6.64E+03 7.99E+03 8.76E+03 8.95E+03 8.64E+03 7.94E+03 6.97E+03 5.87E+03 4.75E+03 3.71E+03 2.79E+03 2.03E+03 1.42E+03 9.65E+02 6.33E+02 4.02E+02 2.48E+02 1.48E+02 8.52E+01 4.77E+01 2.59E+01 1.36E+01 6.93E+00 3.42E+00 1.64E+00 7.63E-01 3.44E-01 1.51E-01 
   4.75  0.545  9.31E+04 1.37E+05 1.37E+05 3.75E+03 7.20E+03 1.01E+04 1.22E+04 1.34E+04 1.38E+04 1.35E+04 1.25E+04 1.11E+04 9.47E+03 7.77E+03 6.16E+03 4.71E+03 3.48E+03 2.49E+03 1.73E+03 1.16E+03 7.54E+02 4.76E+02 2.91E+02 1.73E+02 9.95E+01 5.56E+01 3.02E+01 1.59E+01 8.13E+00 4.04E+00 1.95E+00 9.12E-01 4.15E-01 
   5.00  0.545  1.47E+05 2.16E+05 2.16E+05 5.68E+03 1.09E+04 1.53E+04 1.86E+04 2.06E+04 2.14E+04 2.10E+04 1.96E+04 1.76E+04 1.52E+04 1.27E+04 1.02E+04 7.90E+03 5.94E+03 4.33E+03 3.05E+03 2.09E+03 1.39E+03 8.97E+02 5.62E+02 3.42E+02 2.02E+02 1.16E+02 6.49E+01 3.52E+01 1.86E+01 9.53E+00 4.75E+00 2.31E+00 1.09E+00 
   5.50  0.545  4.18E+05 5.41E+05 5.41E+05 1.31E+04 2.52E+04 3.56E+04 4.35E+04 4.87E+04 5.11E+04 5.09E+04 4.84E+04 4.42E+04 3.89E+04 3.31E+04 2.73E+04 2.18E+04 1.68E+04 1.27E+04 9.24E+03 6.56E+03 4.53E+03 3.04E+03 1.99E+03 1.26E+03 7.82E+02 4.71E+02 2.77E+02 1.58E+02 8.83E+01 4.79E+01 2.54E+01 1.31E+01 6.58E+00 
   6.00  0.545  1.09E+06 1.35E+06 1.35E+06 3.03E+04 5.85E+04 8.29E+04 1.02E+05 1.15E+05 1.22E+05 1.23E+05 1.19E+05 1.10E+05 9.87E+04 8.56E+04 7.20E+04 5.88E+04 4.66E+04 3.60E+04 2.70E+04 1.98E+04 1.41E+04 9.78E+03 6.62E+03 4.37E+03 2.82E+03 1.77E+03 1.08E+03 6.49E+02 3.79E+02 2.16E+02 1.20E+02 6.53E+01 3.46E+01 
   6.50  0.545  2.78E+06 3.38E+06 3.38E+06 7.05E+04 1.37E+05 1.94E+05 2.41E+05 2.74E+05 2.93E+05 2.98E+05 2.90E+05 2.73E+05 2.48E+05 2.19E+05 1.88E+05 1.56E+05 1.27E+05 9.99E+04 7.69E+04 5.77E+04 4.23E+04 3.02E+04 2.11E+04 1.44E+04 9.59E+03 6.24E+03 3.97E+03 2.47E+03 1.50E+03 8.91E+02 5.18E+02 2.94E+02 1.64E+02 
   7.00  0.545  7.01E+06 8.46E+06 8.46E+06 1.65E+05 3.20E+05 4.57E+05 5.69E+05 6.51E+05 7.01E+05 7.20E+05 7.09E+05 6.75E+05 6.22E+05 5.57E+05 4.84E+05 4.10E+05 3.38E+05 2.73E+05 2.14E+05 1.64E+05 1.23E+05 9.05E+04 6.49E+04 4.55E+04 3.12E+04 2.09E+04 1.38E+04 8.85E+03 5.57E+03 3.43E+03 2.07E+03 1.22E+03 7.08E+02 
   7.50  0.545  1.76E+07 2.11E+07 2.11E+07 3.87E+05 7.54E+05 1.08E+06 1.35E+06 1.55E+06 1.68E+06 1.74E+06 1.73E+06 1.66E+06 1.55E+06 1.41E+06 1.24E+06 1.07E+06 8.94E+05 7.33E+05 5.87E+05 4.59E+05 3.52E+05 2.64E+05 1.94E+05 1.39E+05 9.80E+04 6.76E+04 4.57E+04 3.02E+04 1.96E+04 1.25E+04 7.79E+03 4.76E+03 2.86E+03 
   8.00  0.545  4.40E+07 5.29E+07 5.29E+07 9.13E+05 1.78E+06 2.56E+06 3.21E+06 3.70E+06 4.04E+06 4.21E+06 4.22E+06 4.09E+06 3.85E+06 3.53E+06 3.15E+06 2.75E+06 2.34E+06 1.95E+06 1.58E+06 1.26E+06 9.85E+05 7.53E+05 5.65E+05 4.15E+05 2.99E+05 2.11E+05 1.46E+05 9.94E+04 6.63E+04 4.34E+04 2.78E+04 1.76E+04 1.09E+04 
   8.50  0.545  1.10E+08 1.32E+08 1.32E+08 2.16E+06 4.21E+06 6.07E+06 7.64E+06 8.86E+06 9.71E+06 1.02E+07 1.03E+07 1.01E+07 9.55E+06 8.84E+06 7.98E+06 7.04E+06 6.07E+06 5.12E+06 4.23E+06 3.42E+06 2.72E+06 2.11E+06 1.61E+06 1.21E+06 8.88E+05 6.41E+05 4.54E+05 3.16E+05 2.16E+05 1.45E+05 9.55E+04 6.18E+04 3.93E+04 
   9.00  0.545  2.75E+08 3.30E+08 3.30E+08 5.12E+06 1.00E+07 1.44E+07 1.82E+07 2.12E+07 2.34E+07 2.46E+07 2.51E+07 2.47E+07 2.36E+07 2.21E+07 2.01E+07 1.79E+07 1.56E+07 1.34E+07 1.12E+07 9.18E+06 7.39E+06 5.84E+06 4.53E+06 3.46E+06 2.59E+06 1.90E+06 1.38E+06 9.77E+05 6.82E+05 4.68E+05 3.16E+05 2.10E+05 1.37E+05 
   9.50  0.545  6.88E+08 8.26E+08 8.26E+08 1.22E+07 2.38E+07 3.44E+07 4.36E+07 5.10E+07 5.64E+07 5.97E+07 6.10E+07 6.05E+07 5.84E+07 5.50E+07 5.05E+07 4.55E+07 4.01E+07 3.46E+07 2.93E+07 2.44E+07 1.99E+07 1.60E+07 1.26E+07 9.73E+06 7.40E+06 5.54E+06 4.08E+06 2.95E+06 2.10E+06 1.47E+06 1.01E+06 6.88E+05 4.59E+05 
  10.00  0.545  1.72E+09 2.07E+09 2.07E+09 2.90E+07 5.69E+07 8.23E+07 1.04E+08 1.23E+08 1.36E+08 1.45E+08 1.49E+08 1.48E+08 1.44E+08 1.37E+08 1.27E+08 1.15E+08 1.02E+08 8.91E+07 7.63E+07 6.42E+07 5.31E+07 4.31E+07 3.44E+07 2.70E+07 2.09E+07 1.59E+07 1.19E+07 8.74E+06 6.33E+06 4.52E+06 3.17E+06 2.19E+06 1.49E+06 
  11.00  0.545  1.46E+10 1.29E+10 1.29E+10 1.66E+08 3.26E+08 4.73E+08 6.03E+08 7.11E+08 7.94E+08 8.52E+08 8.83E+08 8.90E+08 8.75E+08 8.40E+08 7.89E+08 7.27E+08 6.57E+08 5.84E+08 5.09E+08 4.37E+08 3.69E+08 3.06E+08 2.51E+08 2.02E+08 1.60E+08 1.25E+08 9.61E+07 7.29E+07 5.45E+07 4.01E+07 2.92E+07 2.09E+07 1.47E+07 
  12.00  0.545  9.52E+10 8.06E+10 8.06E+10 9.56E+08 1.88E+09 2.74E+09 3.50E+09 4.14E+09 4.66E+09 5.03E+09 5.25E+09 5.34E+09 5.30E+09 5.14E+09 4.89E+09 4.56E+09 4.18E+09 3.77E+09 3.34E+09 2.92E+09 2.51E+09 2.12E+09 1.77E+09 1.45E+09 1.18E+09 9.42E+08 7.42E+08 5.77E+08 4.43E+08 3.35E+08 2.50E+08 1.85E+08 1.34E+08 
  13.00  0.545  5.99E+11 5.04E+11 5.04E+11 5.54E+09 1.09E+10 1.59E+10 2.04E+10 2.43E+10 2.74E+10 2.97E+10 3.13E+10 3.20E+10 3.20E+10 3.14E+10 3.01E+10 2.84E+10 2.64E+10 2.41E+10 2.16E+10 1.91E+10 1.67E+10 1.44E+10 1.22E+10 1.02E+10 8.43E+09 6.87E+09 5.53E+09 4.39E+09 3.44E+09 2.67E+09 2.04E+09 1.54E+09 1.15E+09 
  14.00  0.545  3.76E+12 3.17E+12 3.17E+12 3.25E+10 6.39E+10 9.35E+10 1.20E+11 1.43E+11 1.63E+11 1.77E+11 1.88E+11 1.93E+11 1.95E+11 1.92E+11 1.86E+11 1.78E+11 1.66E+11 1.53E+11 1.40E+11 1.25E+11 1.11E+11 9.64E+10 8.30E+10 7.06E+10 5.92E+10 4.91E+10 4.02E+10 3.25E+10 2.60E+10 2.06E+10 1.61E+10 1.24E+10 9.46E+09 
  15.00  0.545  2.37E+13 1.99E+13 1.99E+13 1.91E+11 3.77E+11 5.52E+11 7.11E+11 8.51E+11 9.68E+11 1.06E+12 1.13E+12 1.17E+12 1.19E+12 1.18E+12 1.15E+12 1.10E+12 1.04E+12 9.72E+11 8.93E+11 8.09E+11 7.24E+11 6.39E+11 5.57E+11 4.80E+11 4.09E+11 3.44E+11 2.86E+11 2.35E+11 1.91E+11 1.54E+11 1.22E+11 9.61E+10 7.48E+10 
  16.00  0.545  1.49E+14 1.25E+14 1.25E+14 1.13E+12 2.23E+12 3.27E+12 4.22E+12 5.06E+12 5.78E+12 6.36E+12 6.79E+12 7.07E+12 7.21E+12 7.21E+12 7.08E+12 6.85E+12 6.53E+12 6.13E+12 5.68E+12 5.20E+12 4.69E+12 4.19E+12 3.69E+12 3.22E+12 2.78E+12 2.37E+12 2.00E+12 1.66E+12 1.37E+12 1.12E+12 9.06E+11 7.24E+11 5.73E+11 
  17.00  0.545  9.34E+14 7.85E+14 7.85E+14 6.70E+12 1.32E+13 1.94E+13 2.51E+13 3.02E+13 3.46E+13 3.82E+13 4.09E+13 4.28E+13 4.38E+13 4.41E+13 4.36E+13 4.24E+13 4.07E+13 3.85E+13 3.60E+13 3.32E+13 3.02E+13 2.72E+13 2.43E+13 2.14E+13 1.86E+13 1.61E+13 1.37E+13 1.16E+13 9.68E+12 8.01E+12 6.56E+12 5.33E+12 4.28E+12 
  18.00  0.545  5.87E+15 4.93E+15 4.93E+15 3.98E+13 7.86E+13 1.16E+14 1.50E+14 1.81E+14 2.07E+14 2.29E+14 2.47E+14 2.59E+14 2.67E+14 2.69E+14 2.68E+14 2.62E+14 2.53E+14 2.41E+14 2.27E+14 2.11E+14 1.94E+14 1.76E+14 1.58E+14 1.41E+14 1.24E+14 1.08E+14 9.30E+13 7.94E+13 6.72E+13 5.63E+13 4.67E+13 3.84E+13 3.13E+13 
  19.00  0.545  3.68E+16 3.10E+16 3.10E+16 2.37E+14 4.69E+14 6.90E+14 8.96E+14 1.08E+15 1.24E+15 1.38E+15 1.49E+15 1.57E+15 1.62E+15 1.64E+15 1.64E+15 1.62E+15 1.57E+15 1.50E+15 1.42E+15 1.33E+15 1.23E+15 1.13E+15 1.02E+15 9.17E+14 8.14E+14 7.16E+14 6.24E+14 5.38E+14 4.60E+14 3.90E+14 3.27E+14 2.72E+14 2.24E+14 
  20.00  0.545  2.31E+17 1.94E+17 1.94E+17 1.42E+15 2.80E+15 4.13E+15 5.37E+15 6.49E+15 7.48E+15 8.32E+15 9.00E+15 9.52E+15 9.87E+15 1.00E+16 1.01E+16 9.96E+15 9.72E+15 9.36E+15 8.92E+15 8.40E+15 7.82E+15 7.21E+15 6.58E+15 5.95E+15 5.32E+15 4.72E+15 4.15E+15 3.61E+15 3.11E+15 2.66E+15 2.26E+15 1.90E+15 1.58E+15 
  22.50  0.545  4.81E+19 1.92E+19 1.92E+19 1.25E+17 2.47E+17 3.64E+17 4.75E+17 5.77E+17 6.67E+17 7.46E+17 8.12E+17 8.64E+17 9.03E+17 9.27E+17 9.38E+17 9.37E+17 9.24E+17 9.00E+17 8.68E+17 8.28E+17 7.82E+17 7.31E+17 6.78E+17 6.22E+17 5.67E+17 5.11E+17 4.58E+17 4.06E+17 3.58E+17 3.12E+17 2.71E+17 2.33E+17 1.99E+17 
  25.00  0.545  4.76E+21 1.89E+21 1.89E+21 1.11E+19 2.20E+19 3.25E+19 4.24E+19 5.16E+19 6.00E+19 6.73E+19 7.36E+19 7.88E+19 8.28E+19 8.56E+19 8.72E+19 8.78E+19 8.73E+19 8.59E+19 8.36E+19 8.06E+19 7.70E+19 7.29E+19 6.84E+19 6.36E+19 5.87E+19 5.37E+19 4.88E+19 4.40E+19 3.94E+19 3.50E+19 3.09E+19 2.70E+19 2.35E+19 
  30.00  0.545  9.09E+25 1.82E+25 1.82E+25 8.95E+22 1.78E+23 2.63E+23 3.45E+23 4.22E+23 4.93E+23 5.57E+23 6.13E+23 6.61E+23 7.01E+23 7.32E+23 7.55E+23 7.69E+23 7.75E+23 7.73E+23 7.63E+23 7.48E+23 7.26E+23 7.00E+23 6.69E+23 6.35E+23 5.98E+23 5.59E+23 5.20E+23 4.80E+23 4.40E+23 4.01E+23 3.63E+23 3.27E+23 2.92E+23 
