   0.25  0.192  1.17E+01 4.67E+01 4.67E+01 3.21E+00 8.37E+00 1.05E+01 9.71E+00 7.14E+00 4.34E+00 2.22E+00 9.61E-01 3.56E-01 1.13E-01 3.09E-02 7.28E-03 1.48E-03 2.59E-04 3.94E-05 5.17E-06 5.88E-07 5.80E-08 4.95E-09 3.67E-10 2.36E-11 1.31E-12 6.34E-14 2.66E-15 9.69E-17 3.06E-18 0.00E+00 0.00E+00 0.00E+00 0.00E+00 
   0.50  0.238  3.91E+01 1.10E+02 1.10E+02 5.94E+00 1.60E+01 2.14E+01 2.15E+01 1.78E+01 1.26E+01 7.68E+00 4.11E+00 1.93E+00 8.03E-01 2.96E-01 9.67E-02 2.81E-02 7.28E-03 1.68E-03 3.45E-04 6.33E-05 1.04E-05 1.52E-06 1.98E-07 2.31E-08 2.41E-09 2.25E-10 1.88E-11 1.40E-12 9.33E-14 5.57E-15 2.97E-16 1.42E-17 0.00E+00 
   0.75  0.303  9.38E+01 2.19E+02 2.19E+02 9.79E+00 2.68E+01 3.73E+01 3.98E+01 3.56E+01 2.77E+01 1.90E+01 1.16E+01 6.39E+00 3.16E+00 1.41E+00 5.72E-01 2.10E-01 6.98E-02 2.11E-02 5.80E-03 1.45E-03 3.30E-04 6.83E-05 1.29E-05 2.22E-06 3.47E-07 4.96E-08 6.45E-09 7.66E-10 8.28E-11 8.18E-12 7.36E-13 6.04E-14 4.53E-15 
   1.00  0.363  1.99E+02 4.21E+02 4.21E+02 1.60E+01 4.45E+01 6.36E+01 7.07E+01 6.68E+01 5.56E+01 4.14E+01 2.79E+01 1.71E+01 9.53E+00 4.88E+00 2.29E+00 9.88E-01 3.92E-01 1.43E-01 4.83E-02 1.50E-02 4.30E-03 1.14E-03 2.77E-04 6.26E-05 1.30E-05 2.51E-06 4.45E-07 7.32E-08 1.11E-08 1.56E-09 2.03E-10 2.43E-11 2.70E-12 
   1.25  0.382  4.00E+02 8.03E+02 8.03E+02 2.67E+01 7.48E+01 1.09E+02 1.25E+02 1.23E+02 1.07E+02 8.49E+01 6.13E+01 4.07E+01 2.49E+01 1.41E+01 7.38E+00 3.59E+00 1.62E+00 6.83E-01 2.68E-01 9.75E-02 3.31E-02 1.05E-02 3.10E-03 8.54E-04 2.19E-04 5.26E-05 1.18E-05 2.46E-06 4.81E-07 8.76E-08 1.49E-08 2.37E-09 3.52E-10 
   1.50  0.414  7.51E+02 1.41E+03 1.41E+03 4.14E+01 1.17E+02 1.73E+02 2.03E+02 2.06E+02 1.87E+02 1.55E+02 1.18E+02 8.33E+01 5.46E+01 3.34E+01 1.91E+01 1.02E+01 5.09E+00 2.38E+00 1.05E+00 4.32E-01 1.67E-01 6.09E-02 2.08E-02 6.70E-03 2.02E-03 5.75E-04 1.54E-04 3.87E-05 9.15E-06 2.04E-06 4.27E-07 8.43E-08 1.57E-08 
   1.75  0.455  1.33E+03 2.32E+03 2.32E+03 6.13E+01 1.74E+02 2.61E+02 3.12E+02 3.24E+02 3.04E+02 2.61E+02 2.08E+02 1.54E+02 1.07E+02 6.93E+01 4.23E+01 2.43E+01 1.32E+01 6.72E+00 3.24E+00 1.47E+00 6.33E-01 2.57E-01 9.88E-02 3.59E-02 1.23E-02 4.01E-03 1.23E-03 3.60E-04 9.92E-05 2.59E-05 6.40E-06 1.50E-06 3.32E-07 
   2.00  0.498  2.28E+03 3.78E+03 3.78E+03 9.04E+01 2.58E+02 3.91E+02 4.74E+02 5.03E+02 4.83E+02 4.28E+02 3.52E+02 2.72E+02 1.97E+02 1.34E+02 8.67E+01 5.28E+01 3.05E+01 1.67E+01 8.67E+00 4.27E+00 2.00E+00 8.88E-01 3.75E-01 1.50E-01 5.74E-02 2.08E-02 7.19E-03 2.36E-03 7.37E-04 2.19E-04 6.19E-05 1.67E-05 4.27E-06 
   2.25  0.509  3.83E+03 6.20E+03 6.20E+03 1.36E+02 3.90E+02 5.95E+02 7.29E+02 7.86E+02 7.71E+02 7.00E+02 5.93E+02 4.73E+02 3.56E+02 2.53E+02 1.71E+02 1.09E+02 6.67E+01 3.87E+01 2.13E+01 1.12E+01 5.64E+00 2.70E+00 1.23E+00 5.37E-01 2.23E-01 8.87E-02 3.37E-02 1.22E-02 4.22E-03 1.40E-03 4.42E-04 1.33E-04 3.85E-05 
   2.50  0.498  6.42E+03 1.04E+04 1.04E+04 2.10E+02 6.04E+02 9.28E+02 1.15E+03 1.26E+03 1.25E+03 1.16E+03 1.01E+03 8.27E+02 6.42E+02 4.73E+02 3.31E+02 2.21E+02 1.41E+02 8.59E+01 5.00E+01 2.78E+01 1.48E+01 7.54E+00 3.68E+00 1.72E+00 7.69E-01 3.30E-01 1.36E-01 5.34E-02 2.02E-02 7.30E-03 2.53E-03 8.44E-04 2.69E-04 
   2.75  0.457  1.12E+04 1.92E+04 1.92E+04 3.59E+02 1.04E+03 1.60E+03 2.00E+03 2.22E+03 2.24E+03 2.12E+03 1.88E+03 1.57E+03 1.25E+03 9.52E+02 6.90E+02 4.78E+02 3.16E+02 2.01E+02 1.22E+02 7.12E+01 3.99E+01 2.14E+01 1.11E+01 5.48E+00 2.61E+00 1.19E+00 5.26E-01 2.22E-01 9.04E-02 3.54E-02 1.33E-02 4.81E-03 1.67E-03 
   3.00  0.436  1.98E+04 3.44E+04 3.44E+04 6.00E+02 1.74E+03 2.70E+03 3.41E+03 3.81E+03 3.90E+03 3.74E+03 3.38E+03 2.89E+03 2.36E+03 1.84E+03 1.37E+03 9.77E+02 6.69E+02 4.40E+02 2.78E+02 1.69E+02 9.88E+01 5.56E+01 3.01E+01 1.57E+01 7.90E+00 3.82E+00 1.78E+00 8.03E-01 3.48E-01 1.45E-01 5.86E-02 2.28E-02 8.54E-03 
   3.25  0.573  3.20E+04 4.88E+04 4.88E+04 7.98E+02 2.32E+03 3.61E+03 4.59E+03 5.17E+03 5.37E+03 5.21E+03 4.78E+03 4.16E+03 3.46E+03 2.76E+03 2.11E+03 1.54E+03 1.09E+03 7.39E+02 4.83E+02 3.04E+02 1.85E+02 1.08E+02 6.12E+01 3.34E+01 1.76E+01 8.94E+00 4.39E+00 2.08E+00 9.56E-01 4.23E-01 1.81E-01 7.50E-02 3.00E-02 
   3.50  0.665  4.94E+04 6.94E+04 6.94E+04 1.07E+03 3.10E+03 4.86E+03 6.20E+03 7.04E+03 7.38E+03 7.25E+03 6.74E+03 5.97E+03 5.05E+03 4.10E+03 3.20E+03 2.40E+03 1.74E+03 1.21E+03 8.17E+02 5.31E+02 3.33E+02 2.02E+02 1.19E+02 6.74E+01 3.70E+01 1.96E+01 1.01E+01 5.02E+00 2.42E+00 1.13E+00 5.09E-01 2.22E-01 9.42E-02 
   3.75  0.701  7.63E+04 1.08E+05 1.08E+05 1.56E+03 4.55E+03 7.15E+03 9.17E+03 1.05E+04 1.11E+04 1.10E+04 1.04E+04 9.31E+03 8.01E+03 6.62E+03 5.26E+03 4.03E+03 2.98E+03 2.13E+03 1.47E+03 9.85E+02 6.37E+02 3.99E+02 2.42E+02 1.42E+02 8.10E+01 4.47E+01 2.39E+01 1.24E+01 6.24E+00 3.04E+00 1.44E+00 6.61E-01 2.94E-01 
   4.00  0.586  1.19E+05 1.70E+05 1.70E+05 2.34E+03 6.82E+03 1.08E+04 1.39E+04 1.60E+04 1.70E+04 1.70E+04 1.62E+04 1.47E+04 1.29E+04 1.08E+04 8.73E+03 6.82E+03 5.15E+03 3.76E+03 2.66E+03 1.82E+03 1.21E+03 7.80E+02 4.87E+02 2.95E+02 1.74E+02 9.93E+01 5.50E+01 2.96E+01 1.55E+01 7.87E+00 3.89E+00 1.86E+00 8.68E-01 
   4.25  0.545  1.86E+05 2.69E+05 2.69E+05 3.51E+03 1.02E+04 1.62E+04 2.10E+04 2.43E+04 2.61E+04 2.63E+04 2.53E+04 2.33E+04 2.06E+04 1.75E+04 1.44E+04 1.14E+04 8.78E+03 6.54E+03 4.72E+03 3.31E+03 2.25E+03 1.49E+03 9.54E+02 5.95E+02 3.60E+02 2.12E+02 1.22E+02 6.77E+01 3.67E+01 1.93E+01 9.90E+00 4.94E+00 2.39E+00 
   4.50  0.545  2.93E+05 4.26E+05 4.26E+05 5.28E+03 1.54E+04 2.45E+04 3.18E+04 3.70E+04 4.00E+04 4.07E+04 3.95E+04 3.67E+04 3.27E+04 2.82E+04 2.35E+04 1.90E+04 1.48E+04 1.12E+04 8.28E+03 5.92E+03 4.11E+03 2.78E+03 1.83E+03 1.17E+03 7.26E+02 4.40E+02 2.59E+02 1.49E+02 8.32E+01 4.53E+01 2.40E+01 1.24E+01 6.25E+00 
   4.75  0.545  4.61E+05 6.73E+05 6.73E+05 7.96E+03 2.33E+04 3.71E+04 4.83E+04 5.65E+04 6.14E+04 6.29E+04 6.15E+04 5.76E+04 5.20E+04 4.54E+04 3.83E+04 3.13E+04 2.48E+04 1.91E+04 1.43E+04 1.04E+04 7.40E+03 5.10E+03 3.43E+03 2.24E+03 1.43E+03 8.87E+02 5.37E+02 3.17E+02 1.82E+02 1.02E+02 5.59E+01 2.98E+01 1.55E+01 
   5.00  0.545  7.27E+05 1.06E+06 1.06E+06 1.20E+04 3.53E+04 5.62E+04 7.35E+04 8.64E+04 9.42E+04 9.72E+04 9.57E+04 9.05E+04 8.24E+04 7.26E+04 6.20E+04 5.13E+04 4.13E+04 3.23E+04 2.46E+04 1.82E+04 1.31E+04 9.22E+03 6.32E+03 4.22E+03 2.75E+03 1.75E+03 1.08E+03 6.56E+02 3.87E+02 2.23E+02 1.26E+02 6.89E+01 3.70E+01 
   5.50  0.545  2.06E+06 2.66E+06 2.66E+06 2.77E+04 8.13E+04 1.30E+05 1.71E+05 2.02E+05 2.23E+05 2.32E+05 2.32E+05 2.22E+05 2.06E+05 1.85E+05 1.61E+05 1.36E+05 1.12E+05 9.00E+04 7.04E+04 5.37E+04 4.00E+04 2.90E+04 2.06E+04 1.43E+04 9.66E+03 6.39E+03 4.14E+03 2.62E+03 1.62E+03 9.77E+02 5.78E+02 3.34E+02 1.89E+02 
   6.00  0.545  5.39E+06 6.66E+06 6.66E+06 6.40E+04 1.88E+05 3.02E+05 3.99E+05 4.75E+05 5.27E+05 5.55E+05 5.60E+05 5.44E+05 5.11E+05 4.66E+05 4.13E+05 3.56E+05 2.99E+05 2.45E+05 1.96E+05 1.54E+05 1.17E+05 8.77E+04 6.41E+04 4.58E+04 3.21E+04 2.20E+04 1.47E+04 9.67E+03 6.21E+03 3.91E+03 2.41E+03 1.46E+03 8.63E+02 
   6.50  0.545  1.37E+07 1.66E+07 1.66E+07 1.49E+05 4.39E+05 7.06E+05 9.36E+05 1.12E+06 1.25E+06 1.33E+06 1.35E+06 1.33E+06 1.26E+06 1.17E+06 1.05E+06 9.19E+05 7.87E+05 6.57E+05 5.37E+05 4.29E+05 3.35E+05 2.57E+05 1.93E+05 1.41E+05 1.02E+05 7.18E+04 4.96E+04 3.37E+04 2.24E+04 1.46E+04 9.33E+03 5.85E+03 3.60E+03 
   7.00  0.545  3.45E+07 4.16E+07 4.16E+07 3.48E+05 1.03E+06 1.66E+06 2.20E+06 2.65E+06 2.98E+06 3.18E+06 3.27E+06 3.24E+06 3.11E+06 2.91E+06 2.65E+06 2.35E+06 2.05E+06 1.74E+06 1.44E+06 1.18E+06 9.38E+05 7.33E+05 5.62E+05 4.23E+05 3.12E+05 2.26E+05 1.60E+05 1.12E+05 7.65E+04 5.14E+04 3.39E+04 2.20E+04 1.40E+04 
   7.50  0.545  8.66E+07 1.04E+08 1.04E+08 8.17E+05 2.41E+06 3.90E+06 5.21E+06 6.29E+06 7.10E+06 7.64E+06 7.89E+06 7.89E+06 7.65E+06 7.22E+06 6.65E+06 5.99E+06 5.27E+06 4.54E+06 3.83E+06 3.17E+06 2.58E+06 2.05E+06 1.60E+06 1.23E+06 9.27E+05 6.87E+05 4.99E+05 3.57E+05 2.51E+05 1.73E+05 1.17E+05 7.83E+04 5.14E+04 
   8.00  0.545  2.17E+08 2.60E+08 2.60E+08 1.93E+06 5.69E+06 9.21E+06 1.23E+07 1.49E+07 1.70E+07 1.83E+07 1.91E+07 1.92E+07 1.88E+07 1.79E+07 1.66E+07 1.51E+07 1.35E+07 1.18E+07 1.01E+07 8.46E+06 6.97E+06 5.65E+06 4.49E+06 3.51E+06 2.69E+06 2.04E+06 1.51E+06 1.10E+06 7.93E+05 5.61E+05 3.90E+05 2.67E+05 1.80E+05 
   8.50  0.545  5.42E+08 6.51E+08 6.51E+08 4.55E+06 1.35E+07 2.18E+07 2.93E+07 3.56E+07 4.06E+07 4.41E+07 4.61E+07 4.67E+07 4.60E+07 4.42E+07 4.15E+07 3.81E+07 3.43E+07 3.03E+07 2.62E+07 2.23E+07 1.87E+07 1.53E+07 1.24E+07 9.83E+06 7.68E+06 5.90E+06 4.47E+06 3.33E+06 2.44E+06 1.76E+06 1.25E+06 8.75E+05 6.03E+05 
   9.00  0.545  1.36E+09 1.63E+09 1.63E+09 1.08E+07 3.20E+07 5.19E+07 6.98E+07 8.51E+07 9.73E+07 1.06E+08 1.12E+08 1.14E+08 1.13E+08 1.09E+08 1.03E+08 9.57E+07 8.69E+07 7.75E+07 6.79E+07 5.84E+07 4.94E+07 4.11E+07 3.37E+07 2.71E+07 2.15E+07 1.68E+07 1.29E+07 9.80E+06 7.32E+06 5.38E+06 3.90E+06 2.79E+06 1.96E+06 
   9.50  0.545  3.39E+09 4.07E+09 4.07E+09 2.57E+07 7.60E+07 1.24E+08 1.67E+08 2.04E+08 2.34E+08 2.56E+08 2.70E+08 2.77E+08 2.76E+08 2.69E+08 2.56E+08 2.39E+08 2.19E+08 1.97E+08 1.75E+08 1.52E+08 1.30E+08 1.09E+08 9.06E+07 7.40E+07 5.95E+07 4.72E+07 3.68E+07 2.83E+07 2.15E+07 1.61E+07 1.19E+07 8.64E+06 6.20E+06 
  10.00  0.545  8.47E+09 1.02E+10 1.02E+10 6.11E+07 1.81E+08 2.95E+08 3.98E+08 4.88E+08 5.61E+08 6.17E+08 6.55E+08 6.74E+08 6.76E+08 6.62E+08 6.35E+08 5.97E+08 5.52E+08 5.00E+08 4.47E+08 3.92E+08 3.39E+08 2.88E+08 2.42E+08 2.00E+08 1.63E+08 1.31E+08 1.03E+08 8.07E+07 6.21E+07 4.72E+07 3.54E+07 2.62E+07 1.91E+07 
  11.00  0.545  7.20E+10 6.35E+10 6.35E+10 3.49E+08 1.04E+09 1.69E+09 2.29E+09 2.82E+09 3.26E+09 3.60E+09 3.85E+09 4.00E+09 4.04E+09 4.00E+09 3.88E+09 3.70E+09 3.46E+09 3.19E+09 2.89E+09 2.58E+09 2.27E+09 1.97E+09 1.68E+09 1.42E+09 1.18E+09 9.69E+08 7.85E+08 6.28E+08 4.97E+08 3.88E+08 2.99E+08 2.27E+08 1.71E+08 
  12.00  0.545  4.69E+11 3.97E+11 3.97E+11 2.01E+09 5.97E+09 9.75E+09 1.32E+10 1.64E+10 1.90E+10 2.11E+10 2.27E+10 2.37E+10 2.42E+10 2.42E+10 2.37E+10 2.28E+10 2.16E+10 2.01E+10 1.84E+10 1.67E+10 1.49E+10 1.31E+10 1.14E+10 9.79E+09 8.30E+09 6.95E+09 5.74E+09 4.69E+09 3.79E+09 3.03E+09 2.39E+09 1.86E+09 1.44E+09 
  13.00  0.545  2.95E+12 2.48E+12 2.48E+12 1.16E+10 3.46E+10 5.66E+10 7.70E+10 9.54E+10 1.11E+11 1.24E+11 1.34E+11 1.41E+11 1.45E+11 1.46E+11 1.44E+11 1.40E+11 1.34E+11 1.26E+11 1.17E+11 1.07E+11 9.67E+10 8.63E+10 7.61E+10 6.62E+10 5.70E+10 4.85E+10 4.08E+10 3.40E+10 2.79E+10 2.27E+10 1.83E+10 1.46E+10 1.15E+10 
  14.00  0.545  1.85E+13 1.56E+13 1.56E+13 6.82E+10 2.03E+11 3.32E+11 4.53E+11 5.62E+11 6.58E+11 7.38E+11 8.00E+11 8.46E+11 8.73E+11 8.84E+11 8.80E+11 8.61E+11 8.29E+11 7.88E+11 7.39E+11 6.83E+11 6.25E+11 5.64E+11 5.03E+11 4.44E+11 3.87E+11 3.34E+11 2.85E+11 2.41E+11 2.02E+11 1.67E+11 1.37E+11 1.11E+11 8.89E+10 
  15.00  0.545  1.16E+14 9.79E+13 9.79E+13 4.01E+11 1.19E+12 1.96E+12 2.67E+12 3.33E+12 3.90E+12 4.39E+12 4.78E+12 5.08E+12 5.27E+12 5.37E+12 5.37E+12 5.29E+12 5.14E+12 4.92E+12 4.65E+12 4.34E+12 4.00E+12 3.65E+12 3.29E+12 2.94E+12 2.59E+12 2.27E+12 1.96E+12 1.68E+12 1.42E+12 1.19E+12 9.93E+11 8.18E+11 6.68E+11 
  16.00  0.545  7.32E+14 6.15E+14 6.15E+14 2.37E+12 7.06E+12 1.16E+13 1.58E+13 1.98E+13 2.32E+13 2.62E+13 2.87E+13 3.05E+13 3.18E+13 3.26E+13 3.28E+13 3.25E+13 3.17E+13 3.06E+13 2.91E+13 2.74E+13 2.55E+13 2.35E+13 2.14E+13 1.92E+13 1.72E+13 1.52E+13 1.33E+13 1.15E+13 9.86E+12 8.39E+12 7.07E+12 5.90E+12 4.88E+12 
  17.00  0.545  4.60E+15 3.87E+15 3.87E+15 1.41E+13 4.18E+13 6.87E+13 9.42E+13 1.18E+14 1.39E+14 1.57E+14 1.72E+14 1.84E+14 1.92E+14 1.98E+14 2.00E+14 1.99E+14 1.96E+14 1.90E+14 1.82E+14 1.72E+14 1.62E+14 1.50E+14 1.38E+14 1.25E+14 1.13E+14 1.00E+14 8.87E+13 7.76E+13 6.74E+13 5.79E+13 4.94E+13 4.18E+13 3.50E+13 
  18.00  0.545  2.89E+16 2.43E+16 2.43E+16 8.35E+13 2.49E+14 4.09E+14 5.61E+14 7.02E+14 8.29E+14 9.40E+14 1.03E+15 1.11E+15 1.16E+15 1.20E+15 1.22E+15 1.22E+15 1.21E+15 1.18E+15 1.13E+15 1.08E+15 1.02E+15 9.52E+14 8.80E+14 8.06E+14 7.32E+14 6.58E+14 5.87E+14 5.19E+14 4.54E+14 3.95E+14 3.40E+14 2.91E+14 2.46E+14 
  19.00  0.545  1.81E+17 1.52E+17 1.52E+17 4.98E+14 1.48E+15 2.44E+15 3.35E+15 4.20E+15 4.96E+15 5.64E+15 6.22E+15 6.69E+15 7.05E+15 7.30E+15 7.44E+15 7.47E+15 7.41E+15 7.27E+15 7.04E+15 6.75E+15 6.41E+15 6.02E+15 5.61E+15 5.17E+15 4.73E+15 4.29E+15 3.85E+15 3.43E+15 3.03E+15 2.66E+15 2.31E+15 2.00E+15 1.71E+15 
  20.00  0.545  1.14E+18 9.57E+17 9.57E+17 2.97E+15 8.86E+15 1.46E+16 2.00E+16 2.51E+16 2.98E+16 3.39E+16 3.75E+16 4.04E+16 4.27E+16 4.43E+16 4.54E+16 4.58E+16 4.56E+16 4.49E+16 4.37E+16 4.21E+16 4.02E+16 3.80E+16 3.56E+16 3.30E+16 3.04E+16 2.77E+16 2.51E+16 2.25E+16 2.01E+16 1.78E+16 1.56E+16 1.36E+16 1.17E+16 
  22.50  0.545  2.37E+20 9.43E+19 9.43E+19 2.61E+17 7.80E+17 1.29E+18 1.77E+18 2.23E+18 2.65E+18 3.02E+18 3.36E+18 3.64E+18 3.87E+18 4.05E+18 4.17E+18 4.24E+18 4.26E+18 4.23E+18 4.16E+18 4.06E+18 3.92E+18 3.75E+18 3.55E+18 3.34E+18 3.12E+18 2.89E+18 2.66E+18 2.42E+18 2.20E+18 1.98E+18 1.77E+18 1.57E+18 1.38E+18 
  25.00  0.545  2.34E+22 9.28E+21 9.28E+21 2.32E+19 6.93E+19 1.14E+20 1.58E+20 1.99E+20 2.37E+20 2.72E+20 3.03E+20 3.30E+20 3.52E+20 3.70E+20 3.84E+20 3.93E+20 3.98E+20 3.98E+20 3.95E+20 3.88E+20 3.78E+20 3.65E+20 3.50E+20 3.33E+20 3.14E+20 2.94E+20 2.74E+20 2.53E+20 2.33E+20 2.12E+20 1.92E+20 1.73E+20 1.55E+20 
  30.00  0.545  4.48E+26 8.95E+25 8.95E+25 1.88E+23 5.60E+23 9.26E+23 1.28E+24 1.62E+24 1.94E+24 2.23E+24 2.50E+24 2.74E+24 2.95E+24 3.13E+24 3.27E+24 3.38E+24 3.46E+24 3.50E+24 3.52E+24 3.50E+24 3.46E+24 3.39E+24 3.30E+24 3.19E+24 3.06E+24 2.92E+24 2.77E+24 2.61E+24 2.45E+24 2.28E+24 2.11E+24 1.95E+24 1.79E+24 
