   0.25  0.196  1.18E+01 4.74E+01 4.74E+01 3.28E+00 8.54E+00 1.07E+01 9.85E+00 7.21E+00 4.36E+00 2.21E+00 9.54E-01 3.51E-01 1.10E-01 2.98E-02 6.95E-03 1.39E-03 2.42E-04 3.62E-05 4.68E-06 5.24E-07 5.07E-08 4.26E-09 3.09E-10 1.95E-11 1.06E-12 5.02E-14 2.06E-15 7.32E-17 2.26E-18 0.00E+00 0.00E+00 0.00E+00 0.00E+00 
   0.50  0.245  3.89E+01 1.08E+02 1.08E+02 6.43E+00 1.71E+01 2.24E+01 2.19E+01 1.73E+01 1.16E+01 6.65E+00 3.30E+00 1.43E+00 5.39E-01 1.78E-01 5.19E-02 1.33E-02 2.99E-03 5.95E-04 1.04E-04 1.61E-05 2.20E-06 2.66E-07 2.84E-08 2.68E-09 2.24E-10 1.65E-11 1.08E-12 6.23E-14 3.18E-15 1.44E-16 5.77E-18 0.00E+00 0.00E+00 
   0.75  0.314  9.16E+01 2.11E+02 2.11E+02 1.10E+01 2.96E+01 3.99E+01 4.07E+01 3.44E+01 2.48E+01 1.56E+01 8.59E+00 4.19E+00 1.81E+00 6.99E-01 2.40E-01 7.37E-02 2.02E-02 4.97E-03 1.09E-03 2.16E-04 3.81E-05 6.04E-06 8.60E-07 1.10E-07 1.26E-08 1.30E-09 1.20E-10 9.98E-12 7.45E-13 5.00E-14 3.01E-15 1.63E-16 7.96E-18 
   1.00  0.378  1.90E+02 3.94E+02 3.94E+02 1.82E+01 4.98E+01 6.89E+01 7.28E+01 6.44E+01 4.93E+01 3.32E+01 1.99E+01 1.07E+01 5.13E+00 2.22E+00 8.69E-01 3.07E-01 9.83E-02 2.85E-02 7.47E-03 1.78E-03 3.84E-04 7.53E-05 1.34E-05 2.17E-06 3.18E-07 4.24E-08 5.14E-09 5.67E-10 5.68E-11 5.18E-12 4.29E-13 3.23E-14 2.22E-15 
   1.25  0.398  3.73E+02 7.33E+02 7.33E+02 3.05E+01 8.42E+01 1.19E+02 1.29E+02 1.18E+02 9.49E+01 6.77E+01 4.33E+01 2.50E+01 1.31E+01 6.24E+00 2.71E+00 1.07E+00 3.87E-01 1.28E-01 3.86E-02 1.07E-02 2.71E-03 6.29E-04 1.34E-04 2.61E-05 4.67E-06 7.66E-07 1.15E-07 1.59E-08 2.02E-09 2.35E-10 2.51E-11 2.46E-12 2.22E-13 
   1.50  0.433  6.86E+02 1.25E+03 1.25E+03 4.74E+01 1.32E+02 1.88E+02 2.10E+02 1.98E+02 1.65E+02 1.23E+02 8.34E+01 5.12E+01 2.88E+01 1.48E+01 6.98E+00 3.03E+00 1.21E+00 4.45E-01 1.51E-01 4.72E-02 1.36E-02 3.63E-03 8.95E-04 2.04E-04 4.28E-05 8.32E-06 1.49E-06 2.48E-07 3.81E-08 5.42E-09 7.12E-10 8.66E-11 9.74E-12 
   1.75  0.479  1.19E+03 2.01E+03 2.01E+03 6.99E+01 1.95E+02 2.83E+02 3.21E+02 3.12E+02 2.68E+02 2.08E+02 1.47E+02 9.51E+01 5.66E+01 3.10E+01 1.57E+01 7.36E+00 3.19E+00 1.28E+00 4.80E-01 1.66E-01 5.35E-02 1.60E-02 4.45E-03 1.15E-03 2.77E-04 6.19E-05 1.29E-05 2.50E-06 4.50E-07 7.56E-08 1.18E-08 1.72E-09 2.33E-10 
   2.00  0.526  1.98E+03 3.18E+03 3.18E+03 1.02E+02 2.87E+02 4.21E+02 4.85E+02 4.81E+02 4.26E+02 3.41E+02 2.50E+02 1.69E+02 1.06E+02 6.11E+01 3.28E+01 1.64E+01 7.64E+00 3.32E+00 1.34E+00 5.08E-01 1.79E-01 5.91E-02 1.82E-02 5.25E-03 1.41E-03 3.56E-04 8.40E-05 1.85E-05 3.82E-06 7.39E-07 1.34E-07 2.26E-08 3.58E-09 
   2.25  0.538  3.26E+03 5.08E+03 5.08E+03 1.52E+02 4.28E+02 6.33E+02 7.40E+02 7.48E+02 6.77E+02 5.58E+02 4.23E+02 2.96E+02 1.93E+02 1.17E+02 6.61E+01 3.49E+01 1.73E+01 8.00E+00 3.47E+00 1.41E+00 5.40E-01 1.94E-01 6.52E-02 2.06E-02 6.12E-03 1.71E-03 4.48E-04 1.10E-04 2.56E-05 5.58E-06 1.14E-06 2.20E-07 3.99E-08 
   2.50  0.527  5.33E+03 8.29E+03 8.29E+03 2.31E+02 6.55E+02 9.75E+02 1.15E+03 1.19E+03 1.09E+03 9.24E+02 7.20E+02 5.21E+02 3.52E+02 2.22E+02 1.31E+02 7.28E+01 3.79E+01 1.86E+01 8.57E+00 3.72E+00 1.52E+00 5.86E-01 2.13E-01 7.29E-02 2.36E-02 7.19E-03 2.07E-03 5.61E-04 1.44E-04 3.48E-05 7.95E-06 1.71E-06 3.49E-07 
   2.75  0.481  9.05E+03 1.49E+04 1.49E+04 3.89E+02 1.11E+03 1.66E+03 1.98E+03 2.07E+03 1.94E+03 1.68E+03 1.34E+03 9.96E+02 6.94E+02 4.53E+02 2.79E+02 1.61E+02 8.79E+01 4.52E+01 2.20E+01 1.01E+01 4.38E+00 1.80E+00 6.99E-01 2.57E-01 8.94E-02 2.94E-02 9.18E-03 2.71E-03 7.59E-04 2.01E-04 5.05E-05 1.20E-05 2.71E-06 
   3.00  0.457  1.56E+04 2.60E+04 2.60E+04 6.40E+02 1.83E+03 2.76E+03 3.33E+03 3.51E+03 3.35E+03 2.94E+03 2.40E+03 1.83E+03 1.31E+03 8.85E+02 5.63E+02 3.38E+02 1.92E+02 1.03E+02 5.25E+01 2.53E+01 1.16E+01 5.03E+00 2.07E+00 8.11E-01 3.01E-01 1.06E-01 3.56E-02 1.13E-02 3.42E-03 9.83E-04 2.68E-04 6.96E-05 1.72E-05 
   3.25  0.617  2.46E+04 3.60E+04 3.60E+04 8.36E+02 2.39E+03 3.63E+03 4.42E+03 4.72E+03 4.56E+03 4.08E+03 3.39E+03 2.65E+03 1.94E+03 1.35E+03 8.82E+02 5.47E+02 3.22E+02 1.80E+02 9.55E+01 4.82E+01 2.31E+01 1.05E+01 4.57E+00 1.89E+00 7.43E-01 2.78E-01 9.93E-02 3.38E-02 1.09E-02 3.38E-03 9.93E-04 2.78E-04 7.44E-05 
   3.50  0.735  3.68E+04 4.90E+04 4.90E+04 1.08E+03 3.10E+03 4.72E+03 5.79E+03 6.24E+03 6.11E+03 5.54E+03 4.69E+03 3.73E+03 2.80E+03 1.99E+03 1.34E+03 8.56E+02 5.20E+02 3.01E+02 1.66E+02 8.69E+01 4.34E+01 2.07E+01 9.42E+00 4.09E+00 1.69E+00 6.70E-01 2.53E-01 9.12E-02 3.14E-02 1.03E-02 3.25E-03 9.76E-04 2.80E-04 
   3.75  0.764  5.56E+04 7.53E+04 7.53E+04 1.57E+03 4.52E+03 6.93E+03 8.56E+03 9.30E+03 9.21E+03 8.46E+03 7.27E+03 5.89E+03 4.51E+03 3.28E+03 2.26E+03 1.48E+03 9.28E+02 5.53E+02 3.15E+02 1.71E+02 8.89E+01 4.41E+01 2.09E+01 9.50E+00 4.12E+00 1.71E+00 6.80E-01 2.59E-01 9.42E-02 3.28E-02 1.10E-02 3.50E-03 1.07E-03 
   4.00  0.617  8.54E+04 1.19E+05 1.19E+05 2.37E+03 6.83E+03 1.05E+04 1.30E+04 1.43E+04 1.43E+04 1.33E+04 1.16E+04 9.54E+03 7.44E+03 5.51E+03 3.89E+03 2.61E+03 1.68E+03 1.03E+03 6.04E+02 3.39E+02 1.82E+02 9.36E+01 4.61E+01 2.18E+01 9.86E+00 4.28E+00 1.78E+00 7.11E-01 2.72E-01 9.99E-02 3.52E-02 1.19E-02 3.86E-03 
   4.25  0.545  1.32E+05 1.88E+05 1.88E+05 3.58E+03 1.03E+04 1.59E+04 1.99E+04 2.20E+04 2.22E+04 2.09E+04 1.84E+04 1.54E+04 1.22E+04 9.19E+03 6.62E+03 4.55E+03 2.99E+03 1.88E+03 1.13E+03 6.55E+02 3.63E+02 1.93E+02 9.85E+01 4.82E+01 2.27E+01 1.02E+01 4.45E+00 1.85E+00 7.43E-01 2.86E-01 1.06E-01 3.77E-02 1.29E-02 
   4.50  0.545  2.07E+05 2.98E+05 2.98E+05 5.41E+03 1.57E+04 2.42E+04 3.04E+04 3.38E+04 3.44E+04 3.27E+04 2.92E+04 2.47E+04 1.99E+04 1.52E+04 1.12E+04 7.83E+03 5.26E+03 3.39E+03 2.09E+03 1.24E+03 7.09E+02 3.88E+02 2.04E+02 1.03E+02 5.04E+01 2.36E+01 1.06E+01 4.62E+00 1.93E+00 7.76E-01 3.00E-01 1.12E-01 4.02E-02 
   4.75  0.545  3.25E+05 4.71E+05 4.71E+05 8.20E+03 2.38E+04 3.69E+04 4.65E+04 5.20E+04 5.34E+04 5.11E+04 4.62E+04 3.95E+04 3.23E+04 2.51E+04 1.87E+04 1.34E+04 9.16E+03 6.03E+03 3.81E+03 2.32E+03 1.36E+03 7.64E+02 4.14E+02 2.16E+02 1.09E+02 5.27E+01 2.46E+01 1.11E+01 4.80E+00 2.01E+00 8.10E-01 3.15E-01 1.18E-01 
   5.00  0.545  5.11E+05 7.44E+05 7.44E+05 1.25E+04 3.61E+04 5.63E+04 7.13E+04 8.01E+04 8.28E+04 7.99E+04 7.29E+04 6.32E+04 5.22E+04 4.12E+04 3.12E+04 2.27E+04 1.58E+04 1.06E+04 6.85E+03 4.26E+03 2.55E+03 1.47E+03 8.20E+02 4.40E+02 2.28E+02 1.14E+02 5.50E+01 2.56E+01 1.15E+01 4.99E+00 2.09E+00 8.45E-01 3.30E-01 
   5.50  0.545  1.44E+06 1.86E+06 1.86E+06 2.88E+04 8.39E+04 1.31E+05 1.68E+05 1.90E+05 1.99E+05 1.95E+05 1.81E+05 1.60E+05 1.35E+05 1.09E+05 8.51E+04 6.37E+04 4.59E+04 3.19E+04 2.14E+04 1.38E+04 8.65E+03 5.23E+03 3.05E+03 1.72E+03 9.40E+02 4.96E+02 2.53E+02 1.25E+02 5.99E+01 2.77E+01 1.24E+01 5.39E+00 2.26E+00 
   6.00  0.545  3.77E+06 4.66E+06 4.66E+06 6.72E+04 1.96E+05 3.08E+05 3.95E+05 4.52E+05 4.78E+05 4.75E+05 4.48E+05 4.03E+05 3.47E+05 2.87E+05 2.28E+05 1.75E+05 1.30E+05 9.31E+04 6.45E+04 4.32E+04 2.80E+04 1.76E+04 1.07E+04 6.29E+03 3.59E+03 1.99E+03 1.07E+03 5.55E+02 2.80E+02 1.37E+02 6.51E+01 3.00E+01 1.34E+01 
   6.50  0.545  9.59E+06 1.16E+07 1.16E+07 1.57E+05 4.59E+05 7.24E+05 9.35E+05 1.08E+06 1.15E+06 1.16E+06 1.10E+06 1.01E+06 8.82E+05 7.44E+05 6.05E+05 4.75E+05 3.61E+05 2.65E+05 1.89E+05 1.30E+05 8.72E+04 5.66E+04 3.57E+04 2.18E+04 1.30E+04 7.47E+03 4.18E+03 2.28E+03 1.20E+03 6.19E+02 3.09E+02 1.50E+02 7.08E+01 
   7.00  0.545  2.41E+07 2.91E+07 2.91E+07 3.69E+05 1.08E+06 1.71E+06 2.22E+06 2.58E+06 2.77E+06 2.81E+06 2.72E+06 2.51E+06 2.23E+06 1.91E+06 1.58E+06 1.27E+06 9.84E+05 7.40E+05 5.40E+05 3.83E+05 2.63E+05 1.76E+05 1.14E+05 7.24E+04 4.45E+04 2.66E+04 1.55E+04 8.76E+03 4.83E+03 2.59E+03 1.35E+03 6.87E+02 3.40E+02 
   7.50  0.545  6.05E+07 7.28E+07 7.28E+07 8.70E+05 2.55E+06 4.05E+06 5.27E+06 6.16E+06 6.68E+06 6.84E+06 6.67E+06 6.24E+06 5.62E+06 4.89E+06 4.11E+06 3.35E+06 2.65E+06 2.03E+06 1.52E+06 1.10E+06 7.76E+05 5.33E+05 3.56E+05 2.32E+05 1.47E+05 9.06E+04 5.45E+04 3.20E+04 1.83E+04 1.02E+04 5.52E+03 2.92E+03 1.51E+03 
   8.00  0.545  1.52E+08 1.82E+08 1.82E+08 2.06E+06 6.04E+06 9.61E+06 1.26E+07 1.48E+07 1.61E+07 1.66E+07 1.64E+07 1.55E+07 1.41E+07 1.24E+07 1.06E+07 8.77E+06 7.05E+06 5.51E+06 4.19E+06 3.10E+06 2.24E+06 1.57E+06 1.08E+06 7.20E+05 4.69E+05 2.98E+05 1.85E+05 1.12E+05 6.59E+04 3.80E+04 2.13E+04 1.17E+04 6.28E+03 
   8.50  0.545  3.79E+08 4.55E+08 4.55E+08 4.88E+06 1.43E+07 2.29E+07 3.00E+07 3.54E+07 3.89E+07 4.04E+07 4.01E+07 3.82E+07 3.52E+07 3.14E+07 2.71E+07 2.28E+07 1.86E+07 1.48E+07 1.14E+07 8.63E+06 6.35E+06 4.55E+06 3.19E+06 2.18E+06 1.45E+06 9.48E+05 6.04E+05 3.75E+05 2.28E+05 1.35E+05 7.86E+04 4.46E+04 2.47E+04 
   9.00  0.545  9.48E+08 1.14E+09 1.14E+09 1.16E+07 3.41E+07 5.46E+07 7.19E+07 8.52E+07 9.40E+07 9.82E+07 9.82E+07 9.45E+07 8.78E+07 7.91E+07 6.92E+07 5.88E+07 4.87E+07 3.92E+07 3.09E+07 2.37E+07 1.77E+07 1.30E+07 9.26E+06 6.46E+06 4.41E+06 2.94E+06 1.92E+06 1.22E+06 7.64E+05 4.66E+05 2.78E+05 1.63E+05 9.29E+04 
   9.50  0.545  2.37E+09 2.84E+09 2.84E+09 2.77E+07 8.14E+07 1.31E+08 1.72E+08 2.05E+08 2.27E+08 2.39E+08 2.40E+08 2.33E+08 2.18E+08 1.99E+08 1.76E+08 1.51E+08 1.27E+08 1.03E+08 8.25E+07 6.42E+07 4.89E+07 3.64E+07 2.65E+07 1.88E+07 1.31E+07 8.93E+06 5.95E+06 3.88E+06 2.48E+06 1.55E+06 9.51E+05 5.71E+05 3.35E+05 
  10.00  0.545  5.92E+09 7.11E+09 7.11E+09 6.61E+07 1.95E+08 3.13E+08 4.14E+08 4.94E+08 5.50E+08 5.81E+08 5.88E+08 5.74E+08 5.43E+08 4.98E+08 4.44E+08 3.86E+08 3.27E+08 2.71E+08 2.19E+08 1.73E+08 1.33E+08 1.01E+08 7.45E+07 5.40E+07 3.83E+07 2.66E+07 1.81E+07 1.20E+07 7.86E+06 5.03E+06 3.15E+06 1.94E+06 1.17E+06 
  11.00  0.545  5.03E+10 4.44E+10 4.44E+10 3.79E+08 1.12E+09 1.80E+09 2.40E+09 2.88E+09 3.23E+09 3.44E+09 3.52E+09 3.48E+09 3.34E+09 3.11E+09 2.82E+09 2.49E+09 2.16E+09 1.82E+09 1.51E+09 1.22E+09 9.67E+08 7.51E+08 5.71E+08 4.27E+08 3.12E+08 2.24E+08 1.58E+08 1.09E+08 7.40E+07 4.93E+07 3.22E+07 2.07E+07 1.30E+07 
  12.00  0.545  3.28E+11 2.77E+11 2.77E+11 2.19E+09 6.47E+09 1.05E+10 1.40E+10 1.68E+10 1.90E+10 2.04E+10 2.11E+10 2.11E+10 2.04E+10 1.93E+10 1.77E+10 1.59E+10 1.40E+10 1.21E+10 1.02E+10 8.40E+09 6.81E+09 5.41E+09 4.22E+09 3.23E+09 2.43E+09 1.80E+09 1.30E+09 9.29E+08 6.51E+08 4.48E+08 3.03E+08 2.02E+08 1.32E+08 
  13.00  0.545  2.06E+12 1.73E+12 1.73E+12 1.27E+10 3.76E+10 6.09E+10 8.16E+10 9.89E+10 1.12E+11 1.22E+11 1.26E+11 1.27E+11 1.25E+11 1.19E+11 1.11E+11 1.01E+11 9.01E+10 7.87E+10 6.75E+10 5.67E+10 4.69E+10 3.80E+10 3.03E+10 2.37E+10 1.83E+10 1.38E+10 1.03E+10 7.54E+09 5.43E+09 3.85E+09 2.68E+09 1.84E+09 1.24E+09 
  14.00  0.545  1.30E+13 1.09E+13 1.09E+13 7.48E+10 2.21E+11 3.59E+11 4.82E+11 5.87E+11 6.69E+11 7.28E+11 7.63E+11 7.75E+11 7.65E+11 7.37E+11 6.94E+11 6.39E+11 5.78E+11 5.12E+11 4.45E+11 3.80E+11 3.19E+11 2.63E+11 2.14E+11 1.71E+11 1.34E+11 1.04E+11 7.89E+10 5.91E+10 4.36E+10 3.17E+10 2.27E+10 1.60E+10 1.11E+10 
  15.00  0.545  8.14E+13 6.85E+13 6.85E+13 4.41E+11 1.31E+12 2.12E+12 2.86E+12 3.49E+12 4.00E+12 4.37E+12 4.61E+12 4.71E+12 4.69E+12 4.56E+12 4.33E+12 4.03E+12 3.68E+12 3.30E+12 2.91E+12 2.52E+12 2.14E+12 1.80E+12 1.48E+12 1.20E+12 9.62E+11 7.58E+11 5.88E+11 4.50E+11 3.39E+11 2.52E+11 1.84E+11 1.33E+11 9.48E+10 
  16.00  0.545  5.12E+14 4.30E+14 4.30E+14 2.61E+12 7.74E+12 1.26E+13 1.70E+13 2.08E+13 2.39E+13 2.63E+13 2.79E+13 2.87E+13 2.87E+13 2.81E+13 2.69E+13 2.53E+13 2.33E+13 2.11E+13 1.88E+13 1.65E+13 1.42E+13 1.21E+13 1.01E+13 8.33E+12 6.77E+12 5.42E+12 4.28E+12 3.33E+12 2.56E+12 1.94E+12 1.45E+12 1.07E+12 7.77E+11 
  17.00  0.545  3.21E+15 2.70E+15 2.70E+15 1.55E+13 4.60E+13 7.49E+13 1.01E+14 1.24E+14 1.44E+14 1.58E+14 1.69E+14 1.74E+14 1.76E+14 1.73E+14 1.67E+14 1.58E+14 1.47E+14 1.35E+14 1.21E+14 1.07E+14 9.35E+13 8.04E+13 6.81E+13 5.69E+13 4.69E+13 3.81E+13 3.06E+13 2.42E+13 1.89E+13 1.46E+13 1.11E+13 8.32E+12 6.17E+12 
  18.00  0.545  2.02E+16 1.70E+16 1.70E+16 9.23E+13 2.74E+14 4.47E+14 6.05E+14 7.45E+14 8.63E+14 9.55E+14 1.02E+15 1.06E+15 1.07E+15 1.07E+15 1.03E+15 9.87E+14 9.25E+14 8.53E+14 7.74E+14 6.92E+14 6.10E+14 5.30E+14 4.54E+14 3.84E+14 3.20E+14 2.64E+14 2.15E+14 1.72E+14 1.36E+14 1.07E+14 8.26E+13 6.31E+13 4.76E+13 
  19.00  0.545  1.27E+17 1.07E+17 1.07E+17 5.51E+14 1.64E+15 2.67E+15 3.63E+15 4.47E+15 5.19E+15 5.76E+15 6.19E+15 6.45E+15 6.57E+15 6.55E+15 6.40E+15 6.14E+15 5.80E+15 5.39E+15 4.93E+15 4.45E+15 3.95E+15 3.47E+15 3.00E+15 2.57E+15 2.17E+15 1.80E+15 1.49E+15 1.21E+15 9.70E+14 7.70E+14 6.04E+14 4.69E+14 3.59E+14 
  20.00  0.545  7.96E+17 6.69E+17 6.69E+17 3.30E+15 9.79E+15 1.60E+16 2.17E+16 2.69E+16 3.13E+16 3.48E+16 3.75E+16 3.93E+16 4.02E+16 4.02E+16 3.95E+16 3.82E+16 3.63E+16 3.39E+16 3.13E+16 2.84E+16 2.55E+16 2.26E+16 1.97E+16 1.70E+16 1.45E+16 1.22E+16 1.02E+16 8.36E+15 6.80E+15 5.47E+15 4.35E+15 3.42E+15 2.66E+15 
  22.50  0.545  1.66E+20 6.59E+19 6.59E+19 2.91E+17 8.65E+17 1.42E+18 1.93E+18 2.40E+18 2.80E+18 3.14E+18 3.41E+18 3.60E+18 3.71E+18 3.76E+18 3.73E+18 3.65E+18 3.51E+18 3.34E+18 3.12E+18 2.89E+18 2.64E+18 2.38E+18 2.12E+18 1.87E+18 1.63E+18 1.40E+18 1.19E+18 1.01E+18 8.41E+17 6.95E+17 5.68E+17 4.60E+17 3.68E+17 
  25.00  0.545  1.64E+22 6.49E+21 6.49E+21 2.59E+19 7.71E+19 1.26E+20 1.73E+20 2.15E+20 2.53E+20 2.85E+20 3.11E+20 3.30E+20 3.43E+20 3.50E+20 3.51E+20 3.47E+20 3.38E+20 3.25E+20 3.08E+20 2.88E+20 2.67E+20 2.44E+20 2.21E+20 1.98E+20 1.76E+20 1.54E+20 1.34E+20 1.15E+20 9.84E+19 8.31E+19 6.95E+19 5.76E+19 4.73E+19 
  30.00  0.545  3.13E+26 6.26E+25 6.26E+25 2.10E+23 6.25E+23 1.03E+24 1.41E+24 1.77E+24 2.09E+24 2.37E+24 2.61E+24 2.80E+24 2.95E+24 3.05E+24 3.10E+24 3.11E+24 3.08E+24 3.01E+24 2.91E+24 2.78E+24 2.63E+24 2.46E+24 2.29E+24 2.10E+24 1.91E+24 1.73E+24 1.55E+24 1.37E+24 1.21E+24 1.05E+24 9.13E+23 7.84E+23 6.68E+23 
