   0.25  0.154  3.34E+00 1.34E+01 1.34E+01 1.91E+00 3.03E+00 3.09E+00 2.40E+00 1.50E+00 7.68E-01 3.28E-01 1.18E-01 3.56E-02 9.12E-03 1.98E-03 3.65E-04 5.74E-05 7.67E-06 8.75E-07 8.50E-08 7.06E-09 5.00E-10 3.03E-11 1.57E-12 6.93E-14 2.62E-15 8.46E-17 2.34E-18 0.00E+00 0.00E+00 0.00E+00 0.00E+00 0.00E+00 0.00E+00 
   0.50  0.248  1.01E+01 2.71E+01 2.71E+01 3.21E+00 5.32E+00 5.81E+00 4.98E+00 3.52E+00 2.11E+00 1.08E+00 4.78E-01 1.84E-01 6.13E-02 1.79E-02 4.55E-03 1.02E-03 1.98E-04 3.39E-05 5.09E-06 6.71E-07 7.77E-08 7.90E-09 7.06E-10 5.54E-11 3.83E-12 2.32E-13 1.24E-14 5.83E-16 2.41E-17 8.76E-19 0.00E+00 0.00E+00 0.00E+00 
   0.75  0.345  2.28E+01 5.09E+01 5.09E+01 5.17E+00 8.81E+00 1.01E+01 9.26E+00 7.15E+00 4.76E+00 2.77E+00 1.42E+00 6.42E-01 2.58E-01 9.22E-02 2.94E-02 8.35E-03 2.12E-03 4.80E-04 9.75E-05 1.77E-05 2.88E-06 4.19E-07 5.47E-08 6.39E-09 6.70E-10 6.30E-11 5.31E-12 4.01E-13 2.72E-14 1.65E-15 9.03E-17 4.42E-18 0.00E+00 
   1.00  0.426  4.55E+01 9.04E+01 9.04E+01 8.01E+00 1.39E+01 1.66E+01 1.60E+01 1.32E+01 9.47E+00 6.04E+00 3.44E+00 1.76E+00 8.10E-01 3.36E-01 1.26E-01 4.28E-02 1.32E-02 3.67E-03 9.29E-04 2.13E-04 4.45E-05 8.44E-06 1.45E-06 2.28E-07 3.24E-08 4.20E-09 4.95E-10 5.30E-11 5.17E-12 4.59E-13 3.71E-14 2.73E-15 1.82E-16 
   1.25  0.435  8.42E+01 1.55E+02 1.55E+02 1.22E+01 2.15E+01 2.63E+01 2.64E+01 2.28E+01 1.74E+01 1.19E+01 7.38E+00 4.14E+00 2.11E+00 9.83E-01 4.18E-01 1.63E-01 5.80E-02 1.89E-02 5.67E-03 1.56E-03 3.94E-04 9.14E-05 1.95E-05 3.81E-06 6.86E-07 1.14E-07 1.73E-08 2.42E-09 3.12E-10 3.69E-11 4.02E-12 4.04E-13 3.73E-14 
   1.50  0.499  1.46E+02 2.46E+02 2.46E+02 1.74E+01 3.12E+01 3.90E+01 4.02E+01 3.61E+01 2.90E+01 2.10E+01 1.38E+01 8.35E+00 4.62E+00 2.35E+00 1.11E+00 4.79E-01 1.92E-01 7.10E-02 2.43E-02 7.70E-03 2.26E-03 6.15E-04 1.55E-04 3.62E-05 7.85E-06 1.58E-06 2.94E-07 5.08E-08 8.14E-09 1.21E-09 1.67E-10 2.15E-11 2.55E-12 
   1.75  0.519  2.44E+02 3.94E+02 3.94E+02 2.53E+01 4.58E+01 5.82E+01 6.15E+01 5.70E+01 4.75E+01 3.60E+01 2.50E+01 1.60E+01 9.48E+00 5.20E+00 2.64E+00 1.25E+00 5.50E-01 2.25E-01 8.59E-02 3.05E-02 1.01E-02 3.13E-03 9.05E-04 2.44E-04 6.14E-05 1.44E-05 3.17E-06 6.50E-07 1.24E-07 2.23E-08 3.73E-09 5.83E-10 8.52E-11 
   2.00  0.541  4.02E+02 6.32E+02 6.32E+02 3.71E+01 6.78E+01 8.74E+01 9.43E+01 8.97E+01 7.72E+01 6.07E+01 4.41E+01 2.96E+01 1.85E+01 1.08E+01 5.86E+00 2.98E+00 1.42E+00 6.30E-01 2.63E-01 1.03E-01 3.77E-02 1.30E-02 4.19E-03 1.27E-03 3.62E-04 9.69E-05 2.44E-05 5.75E-06 1.28E-06 2.66E-07 5.22E-08 9.62E-09 1.67E-09 
   2.25  0.505  6.68E+02 1.06E+03 1.06E+03 5.77E+01 1.06E+02 1.38E+02 1.52E+02 1.48E+02 1.30E+02 1.06E+02 7.97E+01 5.59E+01 3.65E+01 2.24E+01 1.29E+01 6.95E+00 3.53E+00 1.68E+00 7.57E-01 3.21E-01 1.28E-01 4.82E-02 1.71E-02 5.73E-03 1.81E-03 5.41E-04 1.52E-04 4.05E-05 1.02E-05 2.41E-06 5.40E-07 1.14E-07 2.28E-08 
   2.50  0.485  1.13E+03 1.83E+03 1.83E+03 9.22E+01 1.71E+02 2.25E+02 2.50E+02 2.48E+02 2.24E+02 1.87E+02 1.45E+02 1.05E+02 7.17E+01 4.59E+01 2.76E+01 1.57E+01 8.43E+00 4.27E+00 2.05E+00 9.28E-01 3.98E-01 1.62E-01 6.23E-02 2.27E-02 7.84E-03 2.57E-03 7.97E-04 2.34E-04 6.54E-05 1.73E-05 4.34E-06 1.03E-06 2.33E-07 
   2.75  0.475  1.89E+03 3.05E+03 3.05E+03 1.43E+02 2.66E+02 3.54E+02 3.99E+02 4.01E+02 3.70E+02 3.16E+02 2.52E+02 1.88E+02 1.32E+02 8.80E+01 5.52E+01 3.28E+01 1.85E+01 9.86E+00 4.99E+00 2.40E+00 1.10E+00 4.76E-01 1.96E-01 7.69E-02 2.87E-02 1.02E-02 3.43E-03 1.10E-03 3.36E-04 9.78E-05 2.70E-05 7.12E-06 1.79E-06 
   3.00  0.471  3.19E+03 5.23E+03 5.23E+03 2.30E+02 4.30E+02 5.76E+02 6.56E+02 6.70E+02 6.28E+02 5.47E+02 4.46E+02 3.42E+02 2.48E+02 1.70E+02 1.11E+02 6.84E+01 4.02E+01 2.24E+01 1.19E+01 6.03E+00 2.91E+00 1.34E+00 5.85E-01 2.45E-01 9.75E-02 3.71E-02 1.34E-02 4.65E-03 1.54E-03 4.85E-04 1.46E-04 4.21E-05 1.16E-05 
   3.25  0.615  5.04E+03 7.39E+03 7.39E+03 3.06E+02 5.74E+02 7.74E+02 8.90E+02 9.20E+02 8.75E+02 7.76E+02 6.46E+02 5.08E+02 3.78E+02 2.67E+02 1.79E+02 1.14E+02 6.96E+01 4.05E+01 2.24E+01 1.19E+01 6.00E+00 2.90E+00 1.34E+00 5.92E-01 2.50E-01 1.01E-01 3.91E-02 1.45E-02 5.13E-03 1.74E-03 5.64E-04 1.75E-04 5.22E-05 
   3.50  0.629  7.84E+03 1.12E+04 1.12E+04 4.37E+02 8.23E+02 1.12E+03 1.30E+03 1.35E+03 1.31E+03 1.18E+03 9.97E+02 8.00E+02 6.09E+02 4.41E+02 3.04E+02 2.00E+02 1.26E+02 7.58E+01 4.36E+01 2.40E+01 1.27E+01 6.40E+00 3.10E+00 1.44E+00 6.40E-01 2.73E-01 1.12E-01 4.39E-02 1.65E-02 5.98E-03 2.08E-03 6.91E-04 2.21E-04 
   3.75  0.660  1.23E+04 1.77E+04 1.77E+04 6.54E+02 1.24E+03 1.69E+03 1.97E+03 2.08E+03 2.03E+03 1.86E+03 1.60E+03 1.31E+03 1.01E+03 7.51E+02 5.31E+02 3.59E+02 2.33E+02 1.44E+02 8.59E+01 4.90E+01 2.69E+01 1.41E+01 7.13E+00 3.46E+00 1.61E+00 7.22E-01 3.11E-01 1.29E-01 5.12E-02 1.96E-02 7.21E-03 2.55E-03 8.70E-04 
   4.00  0.545  1.93E+04 2.80E+04 2.80E+04 9.83E+02 1.86E+03 2.56E+03 3.01E+03 3.20E+03 3.16E+03 2.92E+03 2.55E+03 2.12E+03 1.68E+03 1.27E+03 9.16E+02 6.35E+02 4.22E+02 2.69E+02 1.65E+02 9.73E+01 5.51E+01 3.00E+01 1.57E+01 7.94E+00 3.86E+00 1.81E+00 8.13E-01 3.53E-01 1.48E-01 5.94E-02 2.31E-02 8.63E-03 3.11E-03 
   4.25  0.545  3.03E+04 4.43E+04 4.43E+04 1.48E+03 2.81E+03 3.88E+03 4.59E+03 4.92E+03 4.90E+03 4.58E+03 4.06E+03 3.42E+03 2.75E+03 2.12E+03 1.56E+03 1.11E+03 7.53E+02 4.93E+02 3.10E+02 1.88E+02 1.10E+02 6.19E+01 3.36E+01 1.75E+01 8.85E+00 4.31E+00 2.02E+00 9.15E-01 4.00E-01 1.69E-01 6.87E-02 2.70E-02 1.02E-02 
   4.50  0.545  4.78E+04 7.00E+04 7.00E+04 2.23E+03 4.25E+03 5.89E+03 7.01E+03 7.57E+03 7.60E+03 7.18E+03 6.44E+03 5.50E+03 4.49E+03 3.51E+03 2.64E+03 1.91E+03 1.33E+03 8.88E+02 5.73E+02 3.57E+02 2.14E+02 1.24E+02 6.94E+01 3.75E+01 1.96E+01 9.86E+00 4.80E+00 2.26E+00 1.03E+00 4.53E-01 1.92E-01 7.91E-02 3.15E-02 
   4.75  0.545  7.55E+04 1.11E+05 1.11E+05 3.38E+03 6.45E+03 8.95E+03 1.07E+04 1.16E+04 1.18E+04 1.12E+04 1.02E+04 8.80E+03 7.29E+03 5.79E+03 4.42E+03 3.25E+03 2.31E+03 1.58E+03 1.04E+03 6.63E+02 4.09E+02 2.43E+02 1.40E+02 7.78E+01 4.19E+01 2.18E+01 1.10E+01 5.36E+00 2.53E+00 1.16E+00 5.12E-01 2.19E-01 9.09E-02 
   5.00  0.545  1.19E+05 1.75E+05 1.75E+05 5.12E+03 9.79E+03 1.36E+04 1.64E+04 1.79E+04 1.83E+04 1.76E+04 1.61E+04 1.41E+04 1.18E+04 9.50E+03 7.37E+03 5.51E+03 3.97E+03 2.77E+03 1.87E+03 1.22E+03 7.66E+02 4.67E+02 2.76E+02 1.58E+02 8.72E+01 4.68E+01 2.43E+01 1.22E+01 5.98E+00 2.83E+00 1.30E+00 5.77E-01 2.49E-01 
   5.50  0.545  3.38E+05 4.38E+05 4.38E+05 1.18E+04 2.27E+04 3.18E+04 3.85E+04 4.25E+04 4.39E+04 4.29E+04 3.99E+04 3.56E+04 3.05E+04 2.52E+04 2.01E+04 1.55E+04 1.15E+04 8.29E+03 5.79E+03 3.92E+03 2.57E+03 1.64E+03 1.01E+03 6.06E+02 3.53E+02 1.99E+02 1.09E+02 5.84E+01 3.02E+01 1.52E+01 7.44E+00 3.54E+00 1.63E+00 
   6.00  0.545  8.86E+05 1.10E+06 1.10E+06 2.74E+04 5.28E+04 7.43E+04 9.07E+04 1.01E+05 1.06E+05 1.04E+05 9.87E+04 8.95E+04 7.82E+04 6.59E+04 5.37E+04 4.24E+04 3.24E+04 2.40E+04 1.73E+04 1.21E+04 8.23E+03 5.43E+03 3.49E+03 2.18E+03 1.32E+03 7.82E+02 4.50E+02 2.52E+02 1.37E+02 7.28E+01 3.76E+01 1.89E+01 9.26E+00 
   6.50  0.545  2.25E+06 2.74E+06 2.74E+06 6.39E+04 1.23E+05 1.75E+05 2.14E+05 2.41E+05 2.54E+05 2.54E+05 2.43E+05 2.24E+05 1.99E+05 1.70E+05 1.42E+05 1.14E+05 8.94E+04 6.80E+04 5.03E+04 3.62E+04 2.53E+04 1.73E+04 1.15E+04 7.42E+03 4.68E+03 2.87E+03 1.72E+03 1.00E+03 5.72E+02 3.17E+02 1.72E+02 9.08E+01 4.68E+01 
   7.00  0.545  5.68E+06 6.85E+06 6.85E+06 1.50E+05 2.90E+05 4.11E+05 5.08E+05 5.75E+05 6.10E+05 6.17E+05 5.97E+05 5.57E+05 5.01E+05 4.37E+05 3.70E+05 3.04E+05 2.43E+05 1.89E+05 1.43E+05 1.05E+05 7.56E+04 5.30E+04 3.63E+04 2.42E+04 1.57E+04 1.00E+04 6.20E+03 3.76E+03 2.22E+03 1.28E+03 7.25E+02 3.99E+02 2.15E+02 
   7.50  0.545  1.42E+07 1.71E+07 1.71E+07 3.53E+05 6.83E+05 9.73E+05 1.21E+06 1.37E+06 1.47E+06 1.50E+06 1.46E+06 1.38E+06 1.26E+06 1.11E+06 9.56E+05 7.98E+05 6.49E+05 5.14E+05 3.97E+05 2.99E+05 2.20E+05 1.58E+05 1.11E+05 7.61E+04 5.09E+04 3.33E+04 2.13E+04 1.34E+04 8.17E+03 4.89E+03 2.86E+03 1.64E+03 9.16E+02 
   8.00  0.545  3.56E+07 4.28E+07 4.28E+07 8.32E+05 1.62E+06 2.31E+06 2.87E+06 3.29E+06 3.54E+06 3.64E+06 3.59E+06 3.42E+06 3.15E+06 2.82E+06 2.45E+06 2.08E+06 1.72E+06 1.38E+06 1.09E+06 8.37E+05 6.28E+05 4.61E+05 3.31E+05 2.32E+05 1.60E+05 1.07E+05 7.06E+04 4.54E+04 2.86E+04 1.77E+04 1.07E+04 6.32E+03 3.66E+03 
   8.50  0.545  8.91E+07 1.07E+08 1.07E+08 1.97E+06 3.83E+06 5.49E+06 6.86E+06 7.88E+06 8.54E+06 8.83E+06 8.78E+06 8.43E+06 7.85E+06 7.11E+06 6.26E+06 5.38E+06 4.50E+06 3.69E+06 2.95E+06 2.30E+06 1.76E+06 1.32E+06 9.66E+05 6.93E+05 4.87E+05 3.35E+05 2.26E+05 1.49E+05 9.66E+04 6.13E+04 3.81E+04 2.32E+04 1.39E+04 
   9.00  0.545  2.23E+08 2.68E+08 2.68E+08 4.68E+06 9.12E+06 1.31E+07 1.64E+07 1.89E+07 2.06E+07 2.14E+07 2.15E+07 2.08E+07 1.95E+07 1.79E+07 1.59E+07 1.38E+07 1.17E+07 9.72E+06 7.89E+06 6.27E+06 4.87E+06 3.71E+06 2.77E+06 2.02E+06 1.45E+06 1.02E+06 7.03E+05 4.75E+05 3.15E+05 2.05E+05 1.31E+05 8.19E+04 5.03E+04 
   9.50  0.545  5.57E+08 6.69E+08 6.69E+08 1.11E+07 2.17E+07 3.13E+07 3.93E+07 4.55E+07 4.98E+07 5.21E+07 5.25E+07 5.12E+07 4.85E+07 4.47E+07 4.02E+07 3.53E+07 3.03E+07 2.55E+07 2.09E+07 1.69E+07 1.33E+07 1.03E+07 7.81E+06 5.81E+06 4.24E+06 3.04E+06 2.14E+06 1.47E+06 9.99E+05 6.65E+05 4.34E+05 2.79E+05 1.76E+05 
  10.00  0.545  1.39E+09 1.67E+09 1.67E+09 2.66E+07 5.19E+07 7.48E+07 9.43E+07 1.10E+08 1.20E+08 1.27E+08 1.28E+08 1.26E+08 1.20E+08 1.12E+08 1.01E+08 8.99E+07 7.80E+07 6.62E+07 5.51E+07 4.50E+07 3.60E+07 2.82E+07 2.17E+07 1.64E+07 1.22E+07 8.89E+06 6.36E+06 4.48E+06 3.09E+06 2.10E+06 1.40E+06 9.20E+05 5.93E+05 
  11.00  0.545  1.18E+10 1.04E+10 1.04E+10 1.52E+08 2.98E+08 4.31E+08 5.45E+08 6.38E+08 7.06E+08 7.49E+08 7.67E+08 7.62E+08 7.36E+08 6.94E+08 6.40E+08 5.77E+08 5.09E+08 4.41E+08 3.75E+08 3.13E+08 2.56E+08 2.06E+08 1.63E+08 1.27E+08 9.67E+07 7.27E+07 5.37E+07 3.90E+07 2.79E+07 1.97E+07 1.36E+07 9.28E+06 6.23E+06 
  12.00  0.545  7.71E+10 6.53E+10 6.53E+10 8.78E+08 1.72E+09 2.49E+09 3.17E+09 3.73E+09 4.16E+09 4.44E+09 4.58E+09 4.60E+09 4.49E+09 4.29E+09 4.00E+09 3.66E+09 3.28E+09 2.89E+09 2.50E+09 2.12E+09 1.77E+09 1.46E+09 1.18E+09 9.38E+08 7.34E+08 5.66E+08 4.30E+08 3.21E+08 2.37E+08 1.72E+08 1.23E+08 8.64E+07 5.99E+07 
  13.00  0.545  4.85E+11 4.08E+11 4.08E+11 5.09E+09 9.99E+09 1.45E+10 1.85E+10 2.19E+10 2.45E+10 2.64E+10 2.74E+10 2.77E+10 2.73E+10 2.63E+10 2.49E+10 2.30E+10 2.09E+10 1.87E+10 1.64E+10 1.42E+10 1.20E+10 1.01E+10 8.30E+09 6.74E+09 5.39E+09 4.25E+09 3.30E+09 2.53E+09 1.91E+09 1.42E+09 1.04E+09 7.54E+08 5.39E+08 
  14.00  0.545  3.05E+12 2.56E+12 2.56E+12 2.99E+10 5.87E+10 8.55E+10 1.09E+11 1.30E+11 1.46E+11 1.58E+11 1.65E+11 1.68E+11 1.67E+11 1.63E+11 1.55E+11 1.45E+11 1.33E+11 1.21E+11 1.07E+11 9.39E+10 8.10E+10 6.88E+10 5.76E+10 4.76E+10 3.88E+10 3.11E+10 2.47E+10 1.93E+10 1.49E+10 1.13E+10 8.51E+09 6.31E+09 4.62E+09 
  15.00  0.545  1.92E+13 1.61E+13 1.61E+13 1.76E+11 3.46E+11 5.05E+11 6.48E+11 7.71E+11 8.71E+11 9.46E+11 9.96E+11 1.02E+12 1.02E+12 1.00E+12 9.63E+11 9.09E+11 8.44E+11 7.71E+11 6.94E+11 6.15E+11 5.38E+11 4.63E+11 3.94E+11 3.30E+11 2.73E+11 2.23E+11 1.80E+11 1.43E+11 1.12E+11 8.73E+10 6.69E+10 5.07E+10 3.79E+10 
  16.00  0.545  1.20E+14 1.01E+14 1.01E+14 1.04E+12 2.05E+12 2.99E+12 3.85E+12 4.59E+12 5.21E+12 5.68E+12 6.01E+12 6.19E+12 6.24E+12 6.16E+12 5.96E+12 5.68E+12 5.32E+12 4.91E+12 4.46E+12 4.00E+12 3.53E+12 3.08E+12 2.65E+12 2.25E+12 1.89E+12 1.56E+12 1.28E+12 1.04E+12 8.28E+11 6.54E+11 5.10E+11 3.94E+11 3.00E+11 
  17.00  0.545  7.56E+14 6.36E+14 6.36E+14 6.17E+12 1.22E+13 1.78E+13 2.29E+13 2.74E+13 3.12E+13 3.42E+13 3.63E+13 3.76E+13 3.81E+13 3.78E+13 3.69E+13 3.54E+13 3.34E+13 3.11E+13 2.85E+13 2.58E+13 2.30E+13 2.03E+13 1.76E+13 1.52E+13 1.29E+13 1.08E+13 8.97E+12 7.36E+12 5.97E+12 4.79E+12 3.80E+12 2.98E+12 2.31E+12 
  18.00  0.545  4.75E+15 3.99E+15 3.99E+15 3.67E+13 7.24E+13 1.06E+14 1.37E+14 1.64E+14 1.87E+14 2.06E+14 2.20E+14 2.28E+14 2.32E+14 2.32E+14 2.28E+14 2.20E+14 2.09E+14 1.96E+14 1.81E+14 1.65E+14 1.49E+14 1.32E+14 1.16E+14 1.01E+14 8.68E+13 7.37E+13 6.19E+13 5.14E+13 4.23E+13 3.44E+13 2.76E+13 2.20E+13 1.73E+13 
  19.00  0.545  2.98E+16 2.51E+16 2.51E+16 2.19E+14 4.32E+14 6.34E+14 8.20E+14 9.85E+14 1.13E+15 1.24E+15 1.33E+15 1.39E+15 1.42E+15 1.42E+15 1.40E+15 1.36E+15 1.30E+15 1.23E+15 1.14E+15 1.05E+15 9.56E+14 8.58E+14 7.61E+14 6.68E+14 5.79E+14 4.97E+14 4.22E+14 3.55E+14 2.95E+14 2.43E+14 1.98E+14 1.60E+14 1.27E+14 
  20.00  0.545  1.87E+17 1.57E+17 1.57E+17 1.31E+15 2.58E+15 3.80E+15 4.92E+15 5.92E+15 6.78E+15 7.50E+15 8.05E+15 8.43E+15 8.65E+15 8.72E+15 8.64E+15 8.43E+15 8.11E+15 7.70E+15 7.22E+15 6.68E+15 6.11E+15 5.53E+15 4.95E+15 4.38E+15 3.83E+15 3.32E+15 2.85E+15 2.42E+15 2.03E+15 1.69E+15 1.39E+15 1.14E+15 9.20E+14 
  22.50  0.545  3.90E+19 1.55E+19 1.55E+19 1.15E+17 2.28E+17 3.36E+17 4.36E+17 5.27E+17 6.07E+17 6.74E+17 7.29E+17 7.70E+17 7.97E+17 8.10E+17 8.11E+17 8.01E+17 7.80E+17 7.50E+17 7.12E+17 6.69E+17 6.22E+17 5.72E+17 5.21E+17 4.69E+17 4.19E+17 3.70E+17 3.24E+17 2.81E+17 2.42E+17 2.06E+17 1.74E+17 1.46E+17 1.21E+17 
  25.00  0.545  3.86E+21 1.53E+21 1.53E+21 1.02E+19 2.03E+19 2.99E+19 3.90E+19 4.73E+19 5.47E+19 6.10E+19 6.63E+19 7.05E+19 7.34E+19 7.53E+19 7.60E+19 7.57E+19 7.44E+19 7.23E+19 6.95E+19 6.60E+19 6.21E+19 5.79E+19 5.35E+19 4.89E+19 4.43E+19 3.98E+19 3.55E+19 3.13E+19 2.74E+19 2.38E+19 2.05E+19 1.75E+19 1.49E+19 
  30.00  0.545  7.36E+25 1.47E+25 1.47E+25 8.29E+22 1.64E+23 2.43E+23 3.18E+23 3.87E+23 4.51E+23 5.07E+23 5.55E+23 5.95E+23 6.27E+23 6.50E+23 6.64E+23 6.71E+23 6.69E+23 6.61E+23 6.46E+23 6.25E+23 5.99E+23 5.70E+23 5.37E+23 5.03E+23 4.66E+23 4.29E+23 3.92E+23 3.56E+23 3.21E+23 2.87E+23 2.54E+23 2.24E+23 1.97E+23 
