This file was generated by QKinz.


Protons:
Excitation energy (keV):     Energy dE-detector (keV):     dEnergy dE-detector (keV):     Energy E-detector (keV):    dEnergy dE-detector (keV):     Total particle energy (keV):     
0.000000     658.880288     0.401494     10202.820853     12.465435     10861.701141
259.000000     665.904006     0.411939     10426.133416     13.418447     11092.037422
481.000000     672.061664     0.421234     10631.286070     14.360278     11303.347734
Ex(e+de) = a0 + a1(e+de) + a2(e+de)^2
chi-squared: 0.052686, a0 = 19.585892MeV, a1 = -0.997757, a2 = -0.000541(MeV)^-1



Deutrons:
Excitation energy (keV):     Energy dE-detector (keV):     dEnergy dE-detector (keV):     Energy E-detector (keV):    dEnergy dE-detector (keV):     Total particle energy (keV):     
0.000000     1435.743380     1.373981     12999.779663     18.355268     14435.523043
63.582000     1440.815200     1.386597     12932.284945     18.381442     14373.100145
156.047000     1448.267328     1.405274     12834.051238     18.420005     14282.318566
169.443000     1449.354563     1.408013     12819.811670     18.425642     14269.166232
172.069000     1449.567919     1.408551     12817.020072     18.426749     14266.587991
182.743000     1450.435925     1.410741     12805.672171     18.431251     14256.108096
205.342000     1452.277745     1.415395     12781.642191     18.440811     14233.919935
207.855000     1452.482897     1.415914     12778.969713     18.441877     14231.452610
230.910000     1454.368246     1.420690     12754.448306     18.451671     14208.816552
256.923000     1456.502480     1.426109     12726.773559     18.462769     14183.276039
284.598000     1458.781257     1.431910     12697.322216     18.474630     14156.103473
287.127000     1458.989919     1.432442     12694.630455     18.475716     14153.620374
290.666000     1459.282032     1.433187     12690.863570     18.477238     14150.145603
300.212000     1460.070665     1.435200     12680.702166     18.481346     14140.772831
316.932000     1461.454413     1.438735     12662.901758     18.488559     14124.356171
325.867000     1462.195152     1.440631     12653.388083     18.492421     14115.583235
346.580000     1463.915761     1.445039     12631.330067     18.501398     14095.245828
352.430000     1464.402586     1.446288     12625.099295     18.503940     14089.501881
360.882000     1465.106626     1.448096     12616.096460     18.507616     14081.203086
362.715000     1465.259418     1.448488     12614.143890     18.508414     14079.403308
372.077000     1466.040392     1.450496     12604.170582     18.512493     14070.210973
429.755000     1470.873785     1.462959     12542.703820     18.537772     14013.577605
439.753000     1471.715471     1.465137     12532.045097     18.542179     14003.760568
448.200000     1472.427479     1.466981     12523.038953     18.545909     13995.466431
462.087000     1473.599812     1.470021     12508.230875     18.552053     13981.830688
470.140000     1474.280660     1.471788     12499.642699     18.555622     13973.923359
482.153000     1475.297702     1.474430     12486.829920     18.560957     13962.127622
499.724000     1476.788304     1.478309     12468.086010     18.568779     13944.874314
511.750000     1477.810574     1.480972     12455.255114     18.574147     13933.065688
523.044000     1478.772155     1.483481     12443.203630     18.579198     13921.975785
541.550000     1480.350994     1.487606     12423.453120     18.587496     13903.804114
550.200000     1481.090346     1.489540     12414.219997     18.591384     13895.310343
556.840000     1481.658491     1.491028     12407.131760     18.594373     13888.790251
575.440000     1483.252748     1.495208     12387.273308     18.602763     13870.526056
582.160000     1483.829742     1.496722     12380.097606     18.605801     13863.927348
609.040000     1486.143073     1.502805     12351.389282     18.617990     13837.532355
628.880000     1487.856050     1.507320     12330.194120     18.627024     13818.050170
647.300000     1489.450639     1.511531     12310.511608     18.635439     13799.962247
680.110000     1492.301056     1.519078     12275.442384     18.650498     13767.743440
757.660000     1499.090299     1.537156     12192.498905     18.686442     13691.589204
Ex(e+de) = a0 + a1(e+de) + a2(e+de)^2
chi-squared: 0.014365, a0 = 14.572350MeV, a1 = -0.997292, a2 = -0.000860(MeV)^-1



Tritons:
Excitation energy (keV):     Energy dE-detector (keV):     dEnergy dE-detector (keV):     Energy E-detector (keV):    dEnergy dE-detector (keV):     Total particle energy (keV):     
0.000000     1940.820342     1.982034     12650.121475     20.190434     14590.941817
134.243000     1955.202806     2.021557     12504.781874     20.265158     14459.984680
206.244000     1963.023791     2.043275     12426.719213     20.305965     14389.743005
303.130000     1973.668413     2.073090     12321.552527     20.361703     14295.220941
511.766000     1997.073833     2.139697     12094.587748     20.485070     14091.661581
581.990000     2005.104471     2.162886     12018.037416     20.527659     14023.141888
589.136000     2005.926076     2.165269     12010.243114     20.532023     14016.169190
618.362000     2009.294849     2.175055     11978.356872     20.549934     13987.651720
625.513000     2010.121215     2.177460     11970.552807     20.554331     13980.674022
647.230000     2012.635899     2.184791     11946.847278     20.567721     13959.483177
685.775000     2017.118062     2.197900     11904.753423     20.591620     13921.871485
718.730000     2020.969520     2.209207     11868.744355     20.612190     13889.713875
767.800000     2026.737658     2.226217     11815.092556     20.643054     13841.830214
772.900000     2027.339461     2.227997     11809.513986     20.646278     13836.853446
816.564000     2032.509722     2.243329     11761.734263     20.674010     13794.243985
826.790000     2033.725234     2.246944     11750.539585     20.680538     13784.264818
844.860000     2035.877460     2.253355     11730.753402     20.692104     13766.630862
864.640000     2038.239733     2.260406     11709.088248     20.704810     13747.327982
879.459000     2040.013913     2.265711     11692.852393     20.714361     13732.866306
933.620000     2046.530428     2.285273     11633.479893     20.749499     13680.010321
960.180000     2049.744669     2.294965     11604.345068     20.766864     13654.089738
969.300000     2050.851199     2.298308     11594.338013     20.772847     13645.189213
1000.930000     2054.700198     2.309962     11559.619863     20.793680     13614.320061
1003.140000     2054.969788     2.310780     11557.193414     20.795140     13612.163202
1190.470000     2078.140379     2.381827     11351.187873     20.921246     13429.328252
1220.910000     2081.966059     2.393702     11317.650811     20.942180     13399.616870
1230.110000     2083.125706     2.397309     11307.511277     20.948532     13390.636982
Ex(e+de) = a0 + a1(e+de) + a2(e+de)^2
chi-squared: 0.007274, a0 = 14.809785MeV, a1 = -1.002166, a2 = -0.000891(MeV)^-1



Helium-3:
Excitation energy (keV):     Energy dE-detector (keV):     dEnergy dE-detector (keV):     Energy E-detector (keV):    dEnergy dE-detector (keV):     Total particle energy (keV):     
Ex(e+de) = a0 + a1(e+de) + a2(e+de)^2
chi-squared: 0.007274, a0 = 14.809785MeV, a1 = -1.002166, a2 = -0.000891(MeV)^-1



Alphas:
Excitation energy (keV):     Energy dE-detector (keV):     dEnergy dE-detector (keV):     Energy E-detector (keV):    dEnergy dE-detector (keV):     Total particle energy (keV):     
0.000000     6264.701986     6.777264     21110.523546     38.866132     27375.225532
122.630000     6290.179116     6.859072     20965.033460     39.004177     27255.212576
396.547000     6348.052693     7.047586     20639.054629     39.319762     26987.107322
737.960000     6422.123665     7.294361     20230.747071     39.727806     26652.870735
809.250000     6437.870973     7.347631     20145.198575     39.815164     26583.069548
862.278000     6449.648745     7.387660     20081.498027     39.880642     26531.146772
883.593000     6454.398496     7.403848     20055.876995     39.907082     26510.275491
952.736000     6469.868032     7.456752     19972.701706     39.993333     26442.569738
1006.731000     6482.014845     7.498488     19907.680002     40.061206     26389.694847
1014.970000     6483.873459     7.504889     19897.753128     40.071603     26381.626587
1030.232000     6487.319992     7.516770     19879.360752     40.090890     26366.680744
1045.395000     6490.748833     7.528603     19861.082859     40.110089     26351.831692
1171.630000     6519.476569     7.628287     19708.727631     40.271355     26228.204200
1197.300000     6525.358476     7.648817     19677.704607     40.304465     26203.063082
1279.190000     6544.214056     7.714903     19578.643126     40.410813     26122.857182
1285.417000     6545.653599     7.719966     19571.104450     40.418946     26116.758049
1298.930000     6548.780311     7.730970     19554.742125     40.436616     26103.522436
1322.133000     6554.158136     7.749925     19526.637294     40.467029     26080.795430
1322.400000     6554.220086     7.750144     19526.313819     40.467379     26080.533905
1349.200000     6560.445936     7.772131     19493.837272     40.502621     26054.283208
1398.080000     6571.840510     7.812491     19434.563241     40.567212     26006.403751
1453.446000     6584.808908     7.858614     19367.360082     40.640868     25952.168990
1458.380000     6585.967808     7.862745     19361.367887     40.647458     25947.335695
1463.410000     6587.149798     7.866961     19355.258543     40.654180     25942.408341
1463.770000     6587.234415     7.867262     19354.821272     40.654662     25942.055686
1517.200000     6599.824145     7.912268     19289.890729     40.726343     25889.714874
1521.300000     6600.792798     7.915738     19284.905570     40.731864     25885.698368
1532.320000     6603.398170     7.925079     19271.504554     40.746718     25874.902724
1563.370000     6610.753389     7.951492     19233.731004     40.788688     25844.484394
1607.500000     6621.243560     7.989275     19180.007387     40.848633     25801.250946
1628.270000     6626.195725     8.007158     19154.706694     40.876966     25780.902419
1628.390000     6626.224364     8.007261     19154.560489     40.877130     25780.784853
1642.460000     6629.584541     8.019412     19137.415644     40.896369     25767.000185
1661.380000     6634.109944     8.035799     19114.353698     40.922295     25748.463642
1709.740000     6645.713410     8.077928     19055.369156     40.988859     25701.082566
1737.500000     6652.397901     8.102272     19021.485811     41.027263     25673.883712
1829.400000     6674.651903     8.183710     18909.185384     41.155418     25583.837286
1908.000000     6693.839083     8.254413     18812.978480     41.266288     25506.817563
2002.400000     6717.073448     8.340636     18697.235845     41.401013     25414.309292
2117.800000     6745.763020     8.448028     18555.449520     41.568085     25301.212541
2166.500000     6757.966277     8.494018     18495.515154     41.639391     25253.481431
2270.500000     6784.220203     8.593596     18367.324082     41.793291     25151.544285
2285.800000     6788.105022     8.608404     18348.442020     41.816121     25136.547042
2516.000000     6847.264524     8.836278     18063.615076     42.165630     24910.879600
2522.800000     6849.032596     8.843157     18055.180242     42.176129     24904.212838
2557.000000     6857.943098     8.877887     18012.739273     42.229090     24870.682371
2672.800000     6888.340544     8.997136     17868.801697     42.410365     24757.142241
2750.900000     6909.042147     9.079035     17771.517950     42.534357     24680.560097
2837.800000     6932.269225     9.171590     17663.073733     42.673998     24595.342959
2864.000000     6939.312416     9.199796     17630.336665     42.716452     24569.649081
3036.000000     6986.021999     9.388512     17414.935131     42.999307     24400.957130
3056.000000     6991.507198     9.410863     17389.832932     43.032673     24381.340129
3068.000000     6994.803769     9.424315     17374.765993     43.052741     24369.569762
3143.800000     7015.722223     9.510017     17279.495142     43.180352     24295.217365
3172.000000     7023.546762     9.542225     17244.007869     43.228205     24267.554631
3193.000000     7029.388531     9.566325     17217.565736     43.263974     24246.954267
3318.000000     7064.428515     9.711849     17059.896426     43.479291     24124.324941
3362.800000     7077.099691     9.764885     17003.271493     43.557481     24080.371184
3364.000000     7077.439925     9.766312     17001.753901     43.559583     24079.193826
3379.000000     7081.696509     9.784179     16982.780237     43.585889     24064.476745
3394.000000     7085.959878     9.802100     16963.799583     43.612258     24049.759461
3428.000000     7095.648738     9.842919     16920.750789     43.672256     24016.399526
3477.000000     7109.674048     9.902236     16858.646072     43.759290     23968.320120
3533.800000     7126.024314     9.971729     16786.560190     43.861024     23912.584504
3542.800000     7128.624193     9.982813     16775.128691     43.877228     23903.752884
3562.400000     7134.294876     10.007022     16750.224443     43.912598     23884.519318
6417.000000     8117.449145     14.947916     12961.547048     50.652671     21078.996193
Ex(e+de) = a0 + a1(e+de) + a2(e+de)^2
chi-squared: 0.002407, a0 = 27.482531MeV, a1 = -0.983733, a2 = -0.000741(MeV)^-1



