This file was generated by QKinz.


Protons:
Excitation energy (keV):     Energy dE-detector (keV):     dEnergy dE-detector (keV):     Energy E-detector (keV):    dEnergy dE-detector (keV):     Total particle energy (keV):     
0.000000     660.389699     0.397699     10242.850830     12.434421     10903.240529
259.000000     667.434586     0.408019     10468.489841     13.393727     11135.924426
481.000000     673.610887     0.417201     10675.932322     14.343462     11349.543209
Ex(e+de) = a0 + a1(e+de) + a2(e+de)^2
chi-squared: 0.053838, a0 = 19.579224MeV, a1 = -0.999171, a2 = -0.000517(MeV)^-1



Deutrons:
Excitation energy (keV):     Energy dE-detector (keV):     dEnergy dE-detector (keV):     Energy E-detector (keV):    dEnergy dE-detector (keV):     Total particle energy (keV):     
0.000000     1440.084488     1.352792     12964.418696     17.980051     14404.503184
63.582000     1445.179008     1.365183     12896.967933     18.005100     14342.146941
156.047000     1452.664602     1.383525     12798.797931     18.042009     14251.462533
169.443000     1453.756730     1.386215     12784.567570     18.047404     14238.324300
172.069000     1453.971047     1.386743     12781.777777     18.048464     14235.748824
182.743000     1454.842962     1.388894     12770.437208     18.052773     14225.280170
205.342000     1456.693083     1.393464     12746.422738     18.061924     14203.115821
207.855000     1456.899161     1.393974     12743.751984     18.062944     14200.651145
230.910000     1458.793017     1.398664     12719.246382     18.072320     14178.039400
256.923000     1460.936892     1.403986     12691.589448     18.082944     14152.526339
284.598000     1463.225974     1.409683     12662.157031     18.094299     14125.383004
287.127000     1463.435580     1.410205     12659.466998     18.095339     14122.902578
290.666000     1463.729015     1.410937     12655.702531     18.096796     14119.431547
300.212000     1464.521218     1.412913     12645.547647     18.100729     14110.068866
316.932000     1465.911234     1.416386     12627.758653     18.107634     14093.669888
325.867000     1466.655331     1.418247     12618.251073     18.111332     14084.906404
346.580000     1468.383744     1.422576     12596.207177     18.119927     14064.590921
352.430000     1468.872779     1.423803     12589.980390     18.122360     14058.853168
360.882000     1469.580014     1.425578     12580.983310     18.125880     14050.563324
362.715000     1469.733500     1.425963     12579.031989     18.126644     14048.765489
372.077000     1470.518021     1.427935     12569.065052     18.130550     14039.583073
429.755000     1475.373400     1.440174     12507.637480     18.154755     13983.010880
439.753000     1476.218920     1.442313     12496.985538     18.158975     13973.204458
448.200000     1476.934172     1.444124     12487.985120     18.162547     13964.919293
462.087000     1478.111852     1.447109     12473.186452     18.168430     13951.298303
470.140000     1478.795806     1.448844     12464.603728     18.171848     13943.399534
482.153000     1479.817489     1.451439     12451.799080     18.176957     13931.616569
499.724000     1481.314899     1.455247     12433.067052     18.184448     13914.381952
511.750000     1482.341841     1.457863     12420.244282     18.189588     13902.586123
523.044000     1483.307819     1.460327     12408.200425     18.194426     13891.508243
541.550000     1484.893883     1.464378     12388.462401     18.202373     13873.356284
550.200000     1485.636620     1.466277     12379.235110     18.206097     13864.871730
556.840000     1486.207367     1.467738     12372.151348     18.208960     13858.358715
575.440000     1487.808930     1.471842     12352.305422     18.216996     13840.114352
582.160000     1488.388570     1.473330     12345.134242     18.219905     13833.522813
609.040000     1490.712518     1.479303     12316.443991     18.231580     13807.156509
628.880000     1492.433364     1.483736     12295.262150     18.240233     13787.695515
647.300000     1494.035286     1.487872     12275.591992     18.248294     13769.627278
680.110000     1496.898825     1.495283     12240.544741     18.262718     13737.443566
757.660000     1503.719405     1.513034     12157.653025     18.297154     13661.372431
Ex(e+de) = a0 + a1(e+de) + a2(e+de)^2
chi-squared: 0.014827, a0 = 14.561938MeV, a1 = -0.999144, a2 = -0.000833(MeV)^-1



Tritons:
Excitation energy (keV):     Energy dE-detector (keV):     dEnergy dE-detector (keV):     Energy E-detector (keV):    dEnergy dE-detector (keV):     Total particle energy (keV):     
0.000000     1947.486839     1.946158     12605.306198     19.707066     14552.793037
134.243000     1961.946431     1.984885     12460.058160     19.778679     14422.004591
206.244000     1969.809576     2.006166     12382.044098     19.817793     14351.853675
303.130000     1980.511831     2.035380     12276.942222     19.871226     14257.454053
511.766000     2004.044998     2.100647     12050.114603     19.989521     14054.159601
581.990000     2012.119796     2.123369     11973.609662     20.030368     13985.729457
589.136000     2012.945928     2.125704     11965.819956     20.034555     13978.765883
618.362000     2016.333282     2.135293     11933.952466     20.051735     13950.285748
625.513000     2017.164211     2.137650     11926.152979     20.055953     13943.317190
647.230000     2019.692791     2.144833     11902.461325     20.068797     13922.154116
685.775000     2024.199763     2.157678     11860.391997     20.091724     13884.591760
718.730000     2028.072581     2.168758     11824.403798     20.111457     13852.476379
767.800000     2033.872782     2.185425     11770.782894     20.141070     13804.655676
772.900000     2034.477936     2.187169     11765.207522     20.144163     13799.685458
816.564000     2039.677020     2.202192     11717.455090     20.170772     13757.132110
826.790000     2040.899319     2.205735     11706.266778     20.177036     13747.166096
844.860000     2043.063572     2.212016     11686.491821     20.188135     13729.555392
864.640000     2045.439059     2.218926     11664.838921     20.200328     13710.277980
879.459000     2047.223173     2.224125     11648.612223     20.209493     13695.835395
933.620000     2053.776249     2.243293     11589.273011     20.243215     13643.049260
960.180000     2057.008566     2.252789     11560.154409     20.259882     13617.162975
969.300000     2058.121325     2.256065     11550.152908     20.265625     13608.274233
1000.930000     2061.992017     2.267485     11515.453959     20.285621     13577.445976
1003.140000     2062.263129     2.268287     11513.028847     20.287023     13575.291976
1190.470000     2085.565180     2.337904     11307.134914     20.408088     13392.700094
1220.910000     2089.412706     2.349540     11273.615641     20.428190     13363.028347
1230.110000     2090.578982     2.353075     11263.481464     20.434289     13354.060446
Ex(e+de) = a0 + a1(e+de) + a2(e+de)^2
chi-squared: 0.007552, a0 = 14.796227MeV, a1 = -1.004337, a2 = -0.000863(MeV)^-1



Helium-3:
Excitation energy (keV):     Energy dE-detector (keV):     dEnergy dE-detector (keV):     Energy E-detector (keV):    dEnergy dE-detector (keV):     Total particle energy (keV):     
Ex(e+de) = a0 + a1(e+de) + a2(e+de)^2
chi-squared: 0.007552, a0 = 14.796227MeV, a1 = -1.004337, a2 = -0.000863(MeV)^-1



Alphas:
Excitation energy (keV):     Energy dE-detector (keV):     dEnergy dE-detector (keV):     Energy E-detector (keV):    dEnergy dE-detector (keV):     Total particle energy (keV):     
0.000000     6286.006534     6.525291     21028.648083     37.210368     27314.654616
122.630000     6311.631739     6.604002     20883.137782     37.341609     27194.769520
396.547000     6369.844584     6.785389     20557.106144     37.641694     26926.950728
737.960000     6444.355753     7.022856     20148.717124     38.029805     26593.072876
809.250000     6460.197524     7.074120     20063.149311     38.112912     26523.346835
862.278000     6472.046150     7.112642     19999.433858     38.175207     26471.480008
883.593000     6476.824524     7.128221     19973.806705     38.200363     26450.631229
952.736000     6492.387483     7.179135     19890.611040     38.282428     26382.998522
1006.731000     6504.607864     7.219301     19825.572864     38.347011     26330.180728
1014.970000     6506.477751     7.225462     19815.643433     38.356904     26322.121185
1030.232000     6509.945201     7.236896     19797.246290     38.375258     26307.191491
1045.395000     6513.394866     7.248285     19778.963622     38.393527     26292.358488
1171.630000     6542.297664     7.344226     19626.567088     38.546995     26168.864752
1197.300000     6548.215544     7.363985     19595.535322     38.578506     26143.750866
1279.190000     6567.186748     7.427593     19496.445163     38.679726     26063.631910
1285.417000     6568.635137     7.432466     19488.904257     38.687467     26057.539394
1298.930000     6571.781072     7.443058     19472.537067     38.704286     26044.318139
1322.133000     6577.191990     7.461302     19444.423806     38.733234     26021.615796
1322.400000     6577.254321     7.461512     19444.100234     38.733568     26021.354555
1349.200000     6583.518530     7.482675     19411.613825     38.767113     25995.132356
1398.080000     6594.983441     7.521524     19352.321466     38.828597     25947.304907
1453.446000     6608.032097     7.565920     19285.097006     38.898715     25893.129103
1458.380000     6609.198180     7.569897     19279.102884     38.904988     25888.301064
1463.410000     6610.387497     7.573954     19272.991572     38.911388     25883.379069
1463.770000     6610.472639     7.574245     19272.554159     38.911846     25883.026798
1517.200000     6623.140535     7.617566     19207.602404     38.980088     25830.742939
1521.300000     6624.115211     7.620907     19202.615594     38.985344     25826.730805
1532.320000     6626.736788     7.629898     19189.210126     38.999487     25815.946915
1563.370000     6634.137805     7.655323     19151.423907     39.039445     25785.561712
1607.500000     6644.693418     7.691694     19097.681957     39.096519     25742.375375
1628.270000     6649.676527     7.708909     19072.372505     39.123497     25722.049032
1628.390000     6649.705345     7.709009     19072.226249     39.123653     25721.931594
1642.460000     6653.086538     7.720706     19055.075420     39.141971     25708.161958
1661.380000     6657.640268     7.736480     19032.005367     39.166658     25689.645635
1709.740000     6669.316490     7.777036     18972.999777     39.230042     25642.316266
1737.500000     6676.042976     7.800471     18939.104135     39.266611     25615.147112
1829.400000     6698.437222     7.878872     18826.761880     39.388656     25525.199102
1908.000000     6717.745856     7.946940     18730.517808     39.494249     25448.263664
2002.400000     6741.127964     8.029953     18614.728799     39.622574     25355.856763
2117.800000     6770.000989     8.133352     18472.883150     39.781729     25242.884139
2166.500000     6782.282623     8.177634     18412.922858     39.849662     25195.205481
2270.500000     6808.705870     8.273516     18284.674615     39.996295     25093.380485
2285.800000     6812.615825     8.287775     18265.783932     40.018049     25078.399757
2516.000000     6872.160743     8.507213     17980.820542     40.351126     24852.981285
2522.800000     6873.940410     8.513837     17972.381481     40.361133     24846.321891
2557.000000     6882.909416     8.547284     17929.919081     40.411613     24812.828497
2672.800000     6913.507303     8.662130     17785.906741     40.584410     24699.414044
2750.900000     6934.346177     8.741009     17688.570618     40.702617     24622.916795
2837.800000     6957.728017     8.830157     17580.066228     40.835757     24537.794245
2864.000000     6964.818292     8.857325     17547.310620     40.876237     24512.128912
3036.000000     7011.841992     9.039108     17331.782663     41.145976     24343.624655
3056.000000     7017.364292     9.060640     17306.665223     41.177800     24324.029514
3068.000000     7020.683182     9.073599     17291.589084     41.196940     24312.272266
3143.800000     7041.743641     9.156160     17196.259157     41.318659     24238.002797
3172.000000     7049.621466     9.187188     17160.749477     41.364305     24210.370942
3193.000000     7055.503079     9.210406     17134.290504     41.398426     24189.793582
3318.000000     7090.783142     9.350611     16976.518208     41.603842     24067.301350
3362.800000     7103.541598     9.401711     16919.855198     41.678445     24023.396796
3364.000000     7103.884179     9.403086     16918.336578     41.680450     24022.220757
3379.000000     7108.170140     9.420302     16899.350019     41.705551     24007.520159
3394.000000     7112.462961     9.437569     16880.356400     41.730712     23992.819362
3428.000000     7122.218858     9.476899     16837.277955     41.787963     23959.496813
3477.000000     7136.341468     9.534056     16775.129856     41.871017     23911.471323
3533.800000     7152.805549     9.601019     16702.992713     41.968107     23855.798261
3542.800000     7155.423564     9.611700     16691.552995     41.983572     23846.976558
3562.400000     7161.133841     9.635029     16666.630755     42.017328     23827.764596
6417.000000     8152.009161     14.403693     12873.457220     48.467418     21025.466381
Ex(e+de) = a0 + a1(e+de) + a2(e+de)^2
chi-squared: 0.002533, a0 = 27.460402MeV, a1 = -0.985512, a2 = -0.000729(MeV)^-1



