This file was generated by QKinz.


Protons:
Excitation energy (keV):     Energy dE-detector (keV):     dEnergy dE-detector (keV):     Energy E-detector (keV):    dEnergy dE-detector (keV):     Total particle energy (keV):     
0.000000     591.162147     3.059613     8420.190874     67.797485     9011.353021
669.670000     605.008839     3.234784     8734.945924     75.513152     9339.954763
962.100000     611.288226     3.316207     8883.356653     79.406639     9494.644879
1326.980000     619.333089     3.422350     9079.247708     84.816070     9698.580797
1412.040000     621.243028     3.447853     9126.767018     86.176845     9748.010046
1547.060000     624.302263     3.488945     9203.734897     88.422716     9828.037160
1861.210000     631.553788     3.587553     9390.604064     94.098975     10022.157852
2011.510000     635.091022     3.636271     9484.158486     97.065156     10119.249508
2062.220000     636.294591     3.652940     9516.369913     98.106422     10152.664504
2081.320000     636.749257     3.659249     9528.589500     98.504159     10165.338756
2092.580000     637.017639     3.662977     9535.815872     98.740082     10172.833512
2207.850000     639.779898     3.701477     9610.775451     101.218868     10250.555350
2336.560000     642.896442     3.745214     9696.665663     104.131441     10339.562104
2404.790000     644.562521     3.768727     9743.175765     105.741761     10387.738286
2429.000000     645.156046     3.777125     9759.847196     106.324761     10405.003242
2497.480000     646.841600     3.801038     9807.492315     108.007991     10454.333915
2506.450000     647.063125     3.804187     9813.787493     108.232302     10460.850618
2512.000000     647.200275     3.806138     9817.688877     108.371542     10464.889152
2535.790000     647.788912     3.814518     9834.467629     108.972351     10482.256541
2547.510000     648.079346     3.818657     9842.766889     109.270719     10490.846235
2673.210000     651.212968     3.863490     9933.195289     112.573591     10584.408258
2677.100000     651.310491     3.864891     9936.035995     112.678908     10587.346486
2678.700000     651.350613     3.865467     9937.205160     112.722282     10588.555773
2682.000000     651.433382     3.866656     9939.617947     112.811844     10591.051329
2696.600000     651.799857     3.871923     9950.315147     113.209761     10602.115004
2716.680000     652.304650     3.879185     9965.087623     113.761533     10617.392273
2776.700000     653.818789     3.901019     10009.664794     115.442616     10663.483583
2780.180000     653.906824     3.902291     10012.269044     115.541579     10666.175869
2806.300000     654.568450     3.911858     10031.885581     116.289719     10686.454032
2832.810000     655.241508     3.921604     10051.921917     117.058812     10707.163424
2857.800000     655.877411     3.930827     10070.927968     117.793014     10726.805379
2888.800000     656.668191     3.942314     10094.666930     118.716473     10751.335121
2956.700000     658.407825     3.967659     10147.302744     120.789847     10805.710569
2977.800000     658.950546     3.975586     10163.841916     121.448785     10822.792462
3032.100000     660.351890     3.996101     10206.812501     123.177699     10867.164391
3043.400000     660.644364     4.000391     10215.829729     123.543639     10876.474092
3093.400000     661.942024     4.019459     10256.044953     125.189078     10917.986977
3101.300000     662.147583     4.022484     10262.446687     125.453049     10924.594270
3127.900000     662.840783     4.032698     10284.099075     126.350063     10946.939857
3225.400000     665.395772     4.070483     10364.775958     129.750266     11030.171730
3248.000000     665.991196     4.079320     10383.778619     130.564689     11049.769815
3263.600000     666.402901     4.085437     10396.963499     131.132857     11063.366401
3291.000000     667.127424     4.096216     10420.257642     132.142889     11087.385065
3292.600000     667.169787     4.096847     10421.623288     132.202352     11088.793074
3297.430000     667.297707     4.098752     10425.749470     132.382181     11093.047178
3307.600000     667.567237     4.102768     10434.455455     132.762440     11102.022692
3309.700000     667.622923     4.103598     10436.256190     132.841233     11103.879113
3406.400000     670.198582     4.142104     10520.326171     136.574331     11190.524753
3418.300000     670.517104     4.146881     10530.830859     137.048406     11201.347962
3425.900000     670.720708     4.149937     10537.558375     137.352922     11208.279084
3429.900000     670.827925     4.151546     10541.105036     137.513744     11211.932962
3461.900000     671.687061     4.164458     10569.625144     138.814168     11241.312205
3464.900000     671.767733     4.165672     10572.312389     138.937361     11244.080122
3476.100000     672.069102     4.170208     10582.365384     139.399246     11254.434486
3537.400000     673.724007     4.195171     10637.972392     141.983502     11311.696399
3540.100000     673.797111     4.196276     10640.444726     142.099569     11314.241837
3541.100000     673.824191     4.196685     10641.360906     142.142606     11315.185097
3565.300000     674.480283     4.206610     10663.615486     143.192250     11338.095769
3570.100000     674.610589     4.208583     10668.048685     143.402323     11342.659275
3575.000000     674.743669     4.210598     10672.580799     143.617423     11347.324468
3580.900000     674.903987     4.213027     10678.046653     143.877295     11352.950639
3583.500000     674.974663     4.214098     10680.458401     143.992120     11355.433063
3607.000000     675.614227     4.223797     10702.342573     145.038508     11377.956800
3649.000000     676.760709     4.241219     10741.844540     146.947890     11418.605249
3657.900000     677.004221     4.244925     10750.280401     147.359125     11427.284622
3681.000000     677.637186     4.254568     10772.283816     148.437580     11449.921002
3719.000000     678.681352     4.270505     10808.824567     150.247365     11487.505920
3740.100000     679.262717     4.279395     10829.302743     151.272009     11508.565460
3775.000000     680.226795     4.294161     10863.475726     152.998782     11543.702521
3786.300000     680.539613     4.298959     10874.622078     153.566634     11555.161690
3867.200000     682.788731     4.333556     10955.624058     157.763068     11638.412790
3888.800000     683.392094     4.342867     10977.617484     158.924071     11661.009579
3892.000000     683.481584     4.344249     10980.889220     159.097585     11664.370804
3895.100000     683.568303     4.345588     10984.062046     159.266052     11667.630349
3902.100000     683.764212     4.348615     10991.238589     159.647831     11675.002801
3960.100000     685.392369     4.373822     11051.357068     162.886103     11736.749438
3978.400000     685.907909     4.381823     11070.573227     163.936513     11756.481136
4017.100000     687.001053     4.398817     11111.613129     166.205282     11798.614182
4039.200000     687.627079     4.408568     11135.299326     167.530697     11822.926405
4055.000000     688.075440     4.415560     11152.346895     168.491984     11840.422335
4110.500000     689.655652     4.440258     11212.997498     171.962803     11902.653150
4117.000000     689.841261     4.443164     11220.180541     172.379200     11910.021803
4125.300000     690.078435     4.446880     11229.377511     172.914017     11919.455946
4130.440000     690.225404     4.449183     11235.086990     173.246980     11925.312393
4133.200000     690.304350     4.450421     11238.157219     173.426331     11928.461569
4145.200000     690.647834     4.455809     11251.542293     174.210708     11942.190127
4147.800000     690.722307     4.456977     11254.450197     174.381649     11945.172504
4156.240000     690.964183     4.460774     11263.908977     174.939006     11954.873160
4182.000000     691.703610     4.472393     11292.962467     176.663758     11984.666076
4189.000000     691.904852     4.475559     11300.905872     177.138701     11992.810724
4222.100000     692.858242     4.490575     11338.752206     179.421820     12031.610448
4286.900000     694.733362     4.520201     11414.248070     184.078516     12108.981432
4289.200000     694.800129     4.521258     11416.962825     184.248563     12111.762954
4358.000000     696.804096     4.553058     11499.326403     189.496033     12196.130499
4361.900000     696.918086     4.554871     11504.063805     189.803156     12200.981892
4381.000000     697.476959     4.563767     11527.374009     191.322920     12224.850967
4403.000000     698.121949     4.574047     11554.451016     193.106371     12252.572965
4416.000000     698.503717     4.580138     11570.567454     194.177253     12269.071171
4420.400000     698.633038     4.582203     11576.042068     194.542627     12274.675106
4432.900000     699.000725     4.588076     11591.650135     195.588807     12290.650860
4457.100000     699.713818     4.599480     11622.102338     197.649351     12321.816156
4498.500000     700.937577     4.619092     11674.934576     201.286305     12375.872153
4498.800000     700.946463     4.619234     11675.320881     201.313193     12376.267343
4501.200000     701.017556     4.620375     11678.413141     201.528581     12379.430698
4507.100000     701.192398     4.623182     11686.028732     202.060224     12387.221131
4511.500000     701.322853     4.625277     11691.720966     202.458703     12393.043819
4517.000000     701.486000     4.627898     11698.851726     202.959227     12400.337726
4531.200000     701.907613     4.634674     11717.342148     204.264101     12419.249761
4533.000000     701.961098     4.635535     11719.694308     204.430822     12421.655406
4577.500000     703.286319     4.656878     11778.450974     208.649697     12481.737293
4593.200000     703.755227     4.664445     11799.464666     210.184289     12503.219892
4598.000000     703.898729     4.666763     11805.919433     210.658444     12509.818162
4637.000000     705.067154     4.685657     11858.899485     214.600401     12563.966639
4644.200000     705.283346     4.689158     11868.786467     215.346086     12574.069813
4647.200000     705.373470     4.690618     11872.915967     215.658486     12578.289438
4753.100000     708.571719     4.742616     12022.588036     227.372981     12731.159754
4789.200000     709.669513     4.760546     12075.438721     231.700314     12785.108234
4796.200000     709.882829     4.764035     12085.800631     232.560988     12795.683460
4805.700000     710.172564     4.768777     12099.923599     233.740649     12810.096162
4810.200000     710.309900     4.771026     12106.637893     234.304165     12816.947793
4839.200000     711.196407     4.785556     12150.291618     238.010771     12861.488025
4869.700000     712.131487     4.800913     12196.939090     242.055585     12909.070577
4919.900000     713.676641     4.826356     12275.435077     249.066077     12989.111718
4955.400000     714.773941     4.844476     12332.301462     254.312082     13047.075403
5016.200000     716.662203     4.875757     12432.480068     263.916494     13149.142271
5053.200000     717.816875     4.894948     12495.274058     270.186548     13213.090933
5073.200000     718.442786     4.905370     12529.826407     273.723138     13248.269193
5101.200000     719.321151     4.920019     12578.949176     278.861053     13298.270328
5140.200000     720.548669     4.940538     12648.893391     286.409277     13369.442060
5162.200000     721.243220     4.952171     12689.168638     290.885327     13410.411858
5226.200000     723.272424     4.986258     12809.931853     304.913983     13533.204277
5253.000000     724.126019     5.000641     12862.197940     311.286662     13586.323959
5274.200000     724.802877     5.012064     12904.300356     316.561388     13629.103233
5292.000000     725.372295     5.021686     12940.188585     321.161289     13665.560880
5304.000000     725.756748     5.028190     12964.669089     324.355622     13690.425837
5312.200000     726.019724     5.032641     12981.533257     326.583521     13707.552982
5319.500000     726.254020     5.036610     12996.640933     328.598699     13722.894953
5335.600000     726.771363     5.045379     13030.281713     333.153038     13757.053076
5359.300000     727.534446     5.058330     13080.632486     340.148502     13808.166932
5366.200000     727.756952     5.062111     13095.483348     342.254178     13823.240301
5401.000000     728.881524     5.081245     13171.763603     353.389643     13900.645127
5413.900000     729.299397     5.088366     13200.648775     357.752285     13929.948172
5543.300000     733.521475     5.160672     13511.365246     410.655712     14244.886721
5566.000000     734.267882     5.173521     13570.394813     422.166192     14304.662695
5572.200000     734.472047     5.177039     13586.787490     425.460470     14321.259537
5579.300000     734.706008     5.181073     13605.707183     429.317866     14340.413191
5592.300000     735.134828     5.188471     13640.767815     436.628308     14375.902644
5601.900000     735.451862     5.193944     13667.017371     442.245200     14402.469232
5735.300000     739.889771     5.270948     14069.636279     548.821853     14809.526050
5797.300000     741.973219     5.307344     14288.363545     632.761060     15030.336764
5804.300000     742.209287     5.311478     14314.750925     645.040019     15056.960212
5828.300000     743.019966     5.325690     14408.301966     694.254724     15151.321932
5833.000000     743.178960     5.328480     14427.222085     705.554506     15170.401045
5878.000000     744.705182     5.355309     14620.083678     879.227575     15364.788861
6093.300000     752.107374     5.486637     15888.636897     700.699697     16640.744272
6285.600000     758.862336     5.608237     15697.889539     156.782491     16456.751875
6375.300000     762.060872     5.666404     15608.871488     156.942994     16370.932360
6496.400000     766.428246     5.746439     15488.648380     157.162619     16255.076626
7075.600000     788.134512     6.154820     14912.910576     158.262361     15701.045089
7400.000000     800.919592     6.403726     14589.884391     158.916624     15390.803983
7472.700000     803.850317     6.461668     14517.432931     159.067294     15321.283248
7513.300000     805.497726     6.494384     14476.961997     159.152103     15282.459723
7529.900000     806.173528     6.507835     14460.412741     159.186917     15266.586268
7605.600000     809.271891     6.569731     14384.929094     159.346709     15194.200985
8564.940000     851.051453     7.441282     13426.029209     161.530661     14277.080662
8629.000000     854.019395     7.505852     13361.834495     161.687925     14215.853890
8639.180000     854.493235     7.516194     13351.631053     161.713059     14206.124289
8693.600000     857.036577     7.571860     13297.076191     161.848092     14154.112768
8700.800000     857.374378     7.579273     13289.857137     161.866043     14147.231515
8718.600000     858.210813     7.597650     13272.008808     161.910507     14130.219622
8719.100000     858.234336     7.598167     13271.507426     161.911758     14129.741762
8719.300000     858.243745     7.598374     13271.306872     161.912258     14129.550617
8727.700000     858.639155     7.607071     13262.883427     161.933286     14121.522582
8731.900000     858.837017     7.611426     13258.671559     161.943811     14117.508576
8734.500000     858.959556     7.614123     13256.064163     161.950329     14115.023719
8738.600000     859.152872     7.618380     13251.952424     161.960614     14111.105296
8743.300000     859.374601     7.623265     13247.238853     161.972411     14106.613454
8743.700000     859.393478     7.623681     13246.837692     161.973416     14106.231170
8746.500000     859.525641     7.626594     13244.029543     161.980449     14103.555184
8747.500000     859.572853     7.627634     13243.026622     161.982961     14102.599475
8750.500000     859.714527     7.630757     13240.017825     161.990501     14099.732352
9807.900000     913.255300     8.870842     12176.147565     164.888305     13089.402865
9830.900000     914.506136     8.901264     12152.925739     164.957185     13067.431875
9842.900000     915.160321     8.917202     12140.808515     164.993231     13055.968835
9855.900000     915.870244     8.934518     12127.680365     165.032366     13043.550609
9864.000000     916.313225     8.945335     12119.499908     165.056794     13035.813133
Ex(e+de) = a0 + a1(e+de) + a2(e+de)^2
chi-squared: 0.000407, a0 = 23.502873MeV, a1 = -1.044964, a2 = -0.000089(MeV)^-1



Deutrons:
Excitation energy (keV):     Energy dE-detector (keV):     dEnergy dE-detector (keV):     Energy E-detector (keV):    dEnergy dE-detector (keV):     Total particle energy (keV):     
0.000000     1530.429497     15.895958     11945.365705     186.313681     13475.795202
40.840000     1533.983318     15.993536     11903.802802     186.512020     13437.786120
243.420000     1551.905612     16.491842     11697.353048     187.517189     13249.258661
287.810000     1555.899617     16.604312     11652.050535     187.742321     13207.950152
390.130000     1565.199807     16.868224     11547.536297     188.268156     13112.736104
426.190000     1568.509068     16.962817     11510.672346     188.455808     13079.181413
548.310000     1579.841136     17.289477     11385.708542     189.100579     12965.549677
637.460000     1588.237991     17.534280     11294.361985     189.580537     12882.599976
644.820000     1588.935978     17.554735     11286.816016     189.620519     12875.751995
674.960000     1591.801971     17.638897     11255.907015     189.784821     12847.708987
698.310000     1594.030809     17.704539     11231.952995     189.912749     12825.983805
727.720000     1596.848725     17.787769     11201.771881     190.074678     12798.620607
755.800000     1599.550338     17.867815     11172.944817     190.230126     12772.495155
915.330000     1615.108861     18.333607     11008.966244     191.129191     12624.075105
982.710000     1621.789696     18.536149     10939.600710     191.517277     12561.390406
1023.020000     1625.818244     18.659022     10898.071912     191.751886     12523.890156
1051.600000     1628.689064     18.746923     10868.613575     191.919346     12497.302639
1077.200000     1631.270883     18.826219     10842.216736     192.070143     12473.487619
1141.660000     1637.815499     19.028257     10775.707678     192.453226     12413.523177
1144.100000     1638.064469     19.035972     10773.188906     192.467823     12411.253376
1221.510000     1646.010575     19.283344     10693.233517     192.934604     12339.244092
1248.670000     1648.820520     19.371348     10665.158957     193.100093     12313.979477
1285.120000     1652.609753     19.490460     10627.463818     193.323609     12280.073571
1346.300000     1659.017104     19.693017     10564.147655     193.702484     12223.164760
1354.300000     1659.859358     19.719751     10555.864003     193.752374     12215.723361
1367.000000     1661.198549     19.762310     10542.711636     193.831742     12203.910185
1370.520000     1661.570186     19.774131     10539.065805     193.853776     12200.635991
1373.900000     1661.927231     19.785493     10535.564795     193.874949     12197.492025
1403.300000     1665.040680     19.884762     10505.104582     194.059730     12170.145262
1410.200000     1665.773421     19.908175     10497.953765     194.103258     12163.727186
1416.100000     1666.400583     19.928229     10491.838695     194.140526     12158.239278
1427.500000     1667.613998     19.967068     10480.021559     194.212664     12147.635557
1429.580000     1667.835622     19.974168     10477.865225     194.225844     12145.700847
1433.000000     1668.200178     19.985850     10474.319564     194.247527     12142.519741
1485.670000     1673.838860     20.167140     10419.690477     194.583395     12093.529337
1504.900000     1675.909016     20.233982     10399.733980     194.706933     12075.642995
1507.300000     1676.167814     20.242349     10397.242885     194.722386     12073.410699
1511.200000     1676.588567     20.255957     10393.194655     194.747513     12069.783222
1525.910000     1678.177850     20.307415     10377.923314     194.842470     12056.101164
1568.060000     1682.751943     20.456020     10334.145070     195.116171     12016.897012
1581.600000     1684.227677     20.504124     10320.075761     195.204604     12004.303438
1677.640000     1694.785390     20.850559     10220.192748     195.839123     11914.978137
1679.100000     1694.947120     20.855898     10218.673116     195.848869     11913.620236
1682.100000     1695.279561     20.866873     10215.550470     195.868903     11910.830030
1710.510000     1698.435587     20.971272     10185.971332     196.059259     11884.406919
1736.300000     1701.312866     21.066765     10159.107921     196.233057     11860.420786
1745.000000     1702.286143     21.099135     10150.043206     196.291902     11852.329349
1759.500000     1703.911262     21.153261     10134.932407     196.390219     11838.843669
1820.300000     1710.766552     21.382644     10071.530948     196.805815     11782.297500
1827.600000     1711.594122     21.410451     10063.914190     196.856080     11775.508312
1843.000000     1713.343132     21.469303     10047.842836     196.962378     11761.185968
1916.720000     1721.775881     21.754630     9970.849785     197.476169     11692.625666
1981.390000     1729.256574     22.009942     9903.226641     197.933738     11632.483215
2067.500000     1739.340441     22.357389     9813.063117     198.553208     11552.403558
2145.900000     1748.646290     22.681404     9730.849387     199.127628     11479.495677
2147.990000     1748.896020     22.690144     9728.656088     199.143079     11477.552108
2154.700000     1749.698371     22.718241     9721.613868     199.192736     11471.312238
2160.640000     1750.409394     22.743160     9715.379035     199.236757     11465.788429
2239.500000     1759.915910     23.078165     9632.538739     199.826824     11392.454650
2295.330000     1766.722401     23.320130     9573.815535     200.251018     11340.537935
2444.100000     1785.176466     23.985083     9417.022738     201.408399     11202.199204
2518.700000     1794.608259     24.330017     9338.223496     202.004082     11132.831755
2622.700000     1807.961959     24.824317     9228.166416     202.852319     11036.128375
2638.600000     1810.024955     24.901305     9211.319148     202.983874     11021.344103
2740.000000     1823.317980     25.401419     9103.742624     203.834861     10927.060604
2829.000000     1835.183990     25.853787     9009.124333     204.599372     10844.308323
2892.230000     1843.729856     26.183083     8941.787931     205.152848     10785.517787
3029.490000     1862.621753     26.921549     8795.275245     206.385032     10657.896998
3191.510000     1885.544180     27.837241     8621.713829     207.896317     10507.258010
3434.800000     1921.304920     29.309719     8359.757317     210.290337     10281.062237
3580.000000     1943.460843     30.249421     8202.605042     211.796290     10146.065885
3627.500000     1950.847194     30.567438     8151.056760     212.302280     10101.903954
3979.230000     2007.799860     33.100874     7767.090466     216.271478     9774.890326
4164.920000     2039.584754     34.578950     7562.660603     218.540275     9602.245357
4447.230000     2090.417187     37.041845     7249.341075     222.251811     9339.758262
4628.940000     2124.872567     38.782715     7045.925607     224.827773     9170.798175
4746.350000     2147.915276     39.980106     6913.706115     226.578521     9061.621391
4999.950000     2199.937164     42.783959     6625.850860     230.616395     8825.788025
5048.290000     2210.223313     43.355248     6570.608289     231.429163     8780.831603
5619.590000     2341.996901     51.194250     5907.426268     242.286873     8249.423169
6008.110000     2444.228813     57.988242     5443.667511     251.325398     7887.896324
7100.820000     2811.857480     88.600398     4058.269503     289.275491     6870.126984
7619.830000     3051.141885     115.136066     3334.792389     319.942055     6385.934274
Ex(e+de) = a0 + a1(e+de) + a2(e+de)^2
chi-squared: 0.000088, a0 = 14.450291MeV, a1 = -1.067647, a2 = -0.000362(MeV)^-1



Tritons:
Excitation energy (keV):     Energy dE-detector (keV):     dEnergy dE-detector (keV):     Energy E-detector (keV):    dEnergy dE-detector (keV):     Total particle energy (keV):     
0.000000     2590.178059     43.030454     7891.886371     238.216372     10482.064430
475.100000     2689.895781     47.992791     7360.772033     245.464672     10050.667814
970.060000     2805.095814     54.251135     6796.111570     254.279316     9601.207384
1310.540000     2892.274659     59.389582     6399.714443     261.291039     9291.989102
1394.200000     2914.817072     60.777840     6301.186854     263.155003     9216.003926
1660.460000     2989.819633     65.581387     5984.329035     269.515417     8974.148668
1732.600000     3011.051347     66.994311     5897.563122     271.361789     8908.614469
1904.180000     3063.240407     70.570949     5689.492940     275.990151     8752.733347
1932.660000     3072.143979     71.196157     5654.713335     276.792832     8726.857313
1942.480000     3075.230424     71.413927     5642.704618     277.071989     8717.935042
2088.860000     3122.271036     74.800296     5462.657679     281.385457     8584.928715
2203.420000     3160.502235     77.647860     5320.321605     284.974686     8480.823839
2295.100000     3192.051804     80.064283     5205.451224     287.995137     8397.503029
2336.470000     3206.578920     81.197645     5153.323724     289.404181     8359.902645
2358.190000     3214.280382     81.803869     5125.880757     290.155929     8340.161139
2399.020000     3228.899402     82.964974     5074.149791     291.592073     8303.049193
2472.460000     3255.671804     85.127044     4980.620947     294.253766     8236.292751
2583.750000     3297.465322     88.596769     4837.655245     298.492877     8135.120567
2584.600000     3297.790413     88.624219     4836.557382     298.526261     8134.347794
2611.720000     3308.210874     89.507950     4801.480502     299.599789     8109.691376
2627.150000     3314.181688     90.017684     4781.480992     300.217912     8095.662680
2684.120000     3336.496661     91.944704     4707.367557     302.547677     8043.864217
2720.710000     3351.057962     93.221086     4659.535816     304.084869     8010.593778
2728.340000     3354.117455     93.491193     4649.538344     304.409574     8003.655799
2792.630000     3380.220236     95.823219     4564.973745     307.204583     7945.193981
2840.490000     3400.037858     97.627172     4501.631571     309.356639     7901.669430
2857.100000     3406.994806     98.267407     4479.568586     310.118379     7886.563392
2924.200000     3435.526775     100.931670     4390.008609     313.277159     7825.535384
2932.740000     3439.208355     101.280018     4378.559404     313.688871     7817.767759
3001.610000     3469.326833     104.169826     4285.796062     317.093212     7755.122896
3015.720000     3475.593680     104.780202     4266.693807     317.809788     7742.287488
3019.300000     3477.189021     104.936090     4261.841812     317.992664     7739.030834
3042.000000     3487.355252     105.934335     4231.025427     319.162435     7718.380679
3065.540000     3497.990980     106.987729     4198.974622     320.394439     7696.965601
3092.100000     3510.107289     108.199164     4162.694882     321.808302     7672.802171
3198.580000     3559.967242     113.315388     4015.952284     327.745783     7575.919526
3259.780000     3589.602765     116.459497     3930.624933     331.369023     7520.227698
3277.100000     3598.125799     117.378418     3906.339654     332.424491     7504.465453
3323.100000     3621.063109     119.884756     3841.537166     335.295528     7462.600275
3372.700000     3646.300980     122.699809     3771.153718     338.507161     7417.454698
3454.400000     3689.073789     127.612668     3654.008783     344.080838     7343.082571
3521.200000     3725.222150     131.909540     3557.042894     348.925028     7282.265045
3547.000000     3739.481827     133.642418     3519.291578     350.870981     7258.773405
3653.700000     3800.331069     141.288889     3361.275182     359.408546     7161.606251
3739.500000     3851.612025     148.067221     3231.843083     366.914773     7083.455108
3779.500000     3876.292413     151.445089     3170.723272     370.635334     7047.015685
3790.100000     3882.919057     152.365313     3154.439599     371.646719     7037.358656
3853.100000     3923.080991     158.066744     3056.876975     377.892866     6979.957967
3942.800000     3982.702493     166.944604     2915.512175     387.554379     6898.214668
3947.000000     3985.568609     167.384478     2908.818150     388.031161     6894.386759
4051.800000     4059.418985     179.163013     2739.438387     400.735937     6798.857372
4082.000000     4081.582774     182.873973     2689.740988     404.715395     6771.323762
4132.800000     4119.829121     189.483544     2605.174498     411.777681     6725.003619
4286.300000     4243.599496     212.872912     2341.398293     436.534913     6584.997789
4332.100000     4283.230582     221.098407     2259.980562     445.164682     6543.211144
4380.600000     4326.739833     230.604037     2172.214490     455.093521     6498.954323
4467.200000     4408.815083     250.080110     2011.097823     475.303281     6419.912905
4589.700000     4536.276815     285.376682     1771.787011     511.536088     6308.063826
4818.700000     4825.522872     409.244746     1273.311861     635.762500     6098.834733
4991.000000     5122.176750     503.306816     819.101595     732.704082     5941.278345
5119.200000     5454.135034     403.861141     369.832367     614.177465     5823.967401
Ex(e+de) = a0 + a1(e+de) + a2(e+de)^2
chi-squared: 0.000006, a0 = 11.469962MeV, a1 = -1.085640, a2 = -0.000833(MeV)^-1



Helium-3:
Excitation energy (keV):     Energy dE-detector (keV):     dEnergy dE-detector (keV):     Energy E-detector (keV):    dEnergy dE-detector (keV):     Total particle energy (keV):     
Ex(e+de) = a0 + a1(e+de) + a2(e+de)^2
chi-squared: 0.000006, a0 = 11.469962MeV, a1 = -1.085640, a2 = -0.000833(MeV)^-1



Alphas:
Excitation energy (keV):     Energy dE-detector (keV):     dEnergy dE-detector (keV):     Energy E-detector (keV):    dEnergy dE-detector (keV):     Total particle energy (keV):     
0.000000     7555.569516     115.434189     15195.862967     454.508529     22751.432483
1332.518000     8002.370607     138.629701     13533.451431     486.642451     21535.822038
2158.640000     8319.055247     157.228119     12462.401461     511.213823     20781.456708
2284.870000     8370.632991     160.442011     12295.502964     515.371979     20666.135955
2505.766000     8463.135951     166.342468     12001.157206     522.945903     20464.293157
2626.080000     8514.771580     169.714045     11839.564608     527.240426     20354.336189
3119.700000     8736.610958     184.861890     11166.438810     546.262231     19903.049768
3124.020000     8738.627616     185.004687     11160.471475     546.439566     19899.099091
3186.020000     8767.722111     187.075365     11074.675145     549.007161     19842.397257
3194.020000     8771.497056     187.345480     11063.583520     549.341563     19835.080576
3269.380000     8807.293984     189.923598     10958.859907     552.527173     19766.153891
3318.700000     8830.956670     191.644498     10890.084051     554.647525     19721.040721
3381.000000     8861.117845     193.857489     10802.932849     557.367228     19664.050694
3393.500000     8867.206346     194.306883     10785.409209     557.918579     19652.615555
3588.100000     8963.628155     201.545290     10510.941417     566.756770     19474.569572
3619.550000     8979.507200     202.759578     10466.283481     568.231834     19445.790681
3670.710000     9005.519018     204.762561     10393.454219     570.660363     19398.973237
3700.000000     9020.513521     205.925041     10351.654468     572.067225     19372.167989
3730.670000     9036.295286     207.154811     10307.803395     573.553477     19344.098681
3736.100000     9039.098058     207.373886     10300.030944     573.818024     19339.129002
3875.000000     9111.697855     213.120211     10100.293744     580.733972     19211.991599
3887.800000     9118.477286     213.663926     10081.797048     581.386099     19200.274334
3895.000000     9122.297448     213.970847     10071.385834     581.754048     19193.683282
3925.800000     9138.694283     215.292658     10026.793197     583.337306     19165.487480
4007.900000     9182.843309     218.887854     9907.479956     587.632439     19090.323265
4020.450000     9189.649486     219.446838     9889.183235     588.298807     19078.832721
4035.000000     9197.559625     220.098092     9867.951133     589.074687     19065.510758
4039.670000     9200.102894     220.307849     9861.131960     589.324474     19061.234854
4078.540000     9221.355155     222.067649     9804.288787     591.418015     19025.643942
4116.000000     9241.979386     223.787478     9749.362827     593.460427     18991.342212
4165.410000     9269.400604     226.092629     9676.694560     596.192491     18946.095165
4191.000000     9283.701029     227.303250     9638.958904     597.624855     18922.659933
4265.130000     9325.513909     230.876629     9529.253089     601.843062     18854.766997
4294.500000     9342.241620     232.320387     9485.624430     603.543319     18827.866050
4300.000000     9345.384483     232.592558     9477.443806     603.863588     18822.828289
4319.000000     9356.266897     233.537212     9449.157902     604.974557     18805.424800
4334.700000     9365.288904     234.323015     9425.754746     605.897972     18791.043650
4341.000000     9368.916794     234.639677     9416.355983     606.269901     18785.272776
4355.700000     9377.398859     235.381558     9394.408332     607.140843     18771.807192
4399.400000     9402.755855     237.612174     9329.019241     609.755997     18731.775097
4407.450000     9407.450189     238.027240     9316.950288     610.242040     18724.400476
4450.000000     9432.384996     240.243077     9253.033851     612.833777     18685.418848
4493.440000     9458.055395     242.544032     9187.563860     615.519768     18645.619255
4535.700000     9483.239444     244.821071     9123.658789     618.172625     18606.898233
4548.800000     9491.088926     245.534806     9103.805828     619.003107     18594.894754
4579.100000     9509.323047     247.200216     9057.807003     620.939002     18567.130050
4760.500000     9620.847336     257.616646     8780.033438     632.988041     18400.880774
4768.000000     9625.547983     258.064558     8768.458169     633.503944     18394.006151
4781.000000     9633.713101     258.844326     8748.376842     634.401658     18382.089943
4800.000000     9645.686493     259.991785     8718.987006     635.721710     18364.673499
4844.200000     9673.724973     262.697573     8650.430308     638.829978     18324.155281
4849.000000     9676.785565     262.994529     8642.969372     639.170724     18319.754937
4859.000000     9683.171752     263.615173     8627.415693     639.882650     18310.587445
4958.000000     9747.132519     269.908161     8472.688650     647.083100     18219.821169
4970.000000     9754.977950     270.689806     8453.840239     647.975207     18208.818189
4985.720000     9765.286314     271.720113     8429.117640     649.150371     18194.403954
5015.100000     9784.646785     273.665285     8382.816574     651.366740     18167.463359
5048.300000     9806.674516     275.894629     8330.343827     653.903272     18137.018342
5090.000000     9834.570846     278.742910     8264.205410     657.138483     18098.776257
5106.000000     9845.343066     279.850326     8238.759251     658.394686     18084.102318
5120.000000     9854.800298     280.826049     8216.461996     659.500744     18071.262294
5133.000000     9863.608540     281.737765     8195.730600     660.533609     18059.339141
5148.700000     9874.280460     282.846213     8170.658828     661.788527     18044.939287
5174.000000     9891.557427     284.649647     8130.176186     663.828354     18021.733613
5205.000000     9912.862137     286.888857     8080.436269     666.357828     17993.298406
5244.000000     9939.879579     289.753128     8017.643338     669.588226     17957.522917
5317.800000     9991.674431     295.322439     7898.143593     675.853275     17889.818025
5348.900000     10013.769612     297.730060     7847.514317     678.555225     17861.283929
5379.100000     10035.380942     300.103646     7798.193132     681.215267     17833.574074
5410.000000     10057.654201     302.569481     7747.566194     683.974853     17805.220395
5448.700000     10085.783266     305.712296     7683.923997     687.486503     17769.707263
5529.900000     10145.668295     312.511794     7549.517556     695.063244     17695.185851
5662.900000     10246.396282     324.292969     7326.704671     708.127196     17573.100953
5780.500000     10338.353109     335.442038     7126.773817     720.420348     17465.126926
5785.100000     10342.007750     335.893171     7118.895213     720.916417     17460.902963
5799.300000     10353.317546     337.293231     7094.545992     722.455276     17447.863538
5824.000000     10373.092079     339.755650     7052.089361     725.159437     17425.181440
6460.900000     10934.140677     418.231242     5905.787449     809.986828     16839.928126
6810.400000     11294.255582     479.241096     5224.178610     874.536835     16518.434192
6836.700000     11323.247893     484.595720     5170.983566     880.157107     16494.231459
7431.500000     12073.499589     654.037188     3872.959317     1055.321711     15946.458906
8043.900000     13159.488716     1099.010759     2222.116337     1502.360635     15381.605053
8520.500000     14586.992189     962.586383     354.335684     1277.981786     14941.327872
Ex(e+de) = a0 + a1(e+de) + a2(e+de)^2
chi-squared: 0.000004, a0 = 24.508958MeV, a1 = -1.056310, a2 = -0.000924(MeV)^-1



