This file was generated by QKinz.


Protons:
Excitation energy (keV):     Energy dE-detector (keV):     dEnergy dE-detector (keV):     Energy E-detector (keV):    dEnergy dE-detector (keV):     Total particle energy (keV):     
0.000000     588.217333     3.056198     8364.578069     67.302761     8952.795403
669.670000     601.982865     3.231246     8675.424359     74.900569     9277.407224
962.100000     608.225271     3.312612     8821.893404     78.728936     9430.118676
1326.980000     616.222597     3.418683     9015.116551     84.041419     9631.339148
1412.040000     618.121222     3.444168     9061.969753     85.376598     9680.090976
1547.060000     621.162316     3.485233     9137.842390     87.579150     9759.004706
1861.210000     628.370736     3.583776     9321.964879     93.139854     9950.335614
2011.510000     631.886890     3.632461     9414.095354     96.042131     10045.982244
2062.220000     633.083279     3.649120     9445.808644     97.060382     10078.891922
2081.320000     633.535230     3.655425     9457.838186     97.449247     10091.373416
2092.580000     633.802011     3.659150     9464.951891     97.679887     10098.753902
2207.850000     636.547769     3.697625     9538.730332     100.102210     10175.278102
2336.560000     639.645669     3.741334     9623.238652     102.946199     10262.884321
2404.790000     641.301771     3.764831     9668.987368     104.517550     10310.289139
2429.000000     641.891740     3.773224     9685.383597     105.086255     10327.275337
2497.480000     643.567189     3.797121     9732.235471     106.727659     10375.802660
2506.450000     643.787385     3.800269     9738.425085     106.946333     10382.212470
2512.000000     643.923712     3.802219     9742.260957     107.082066     10386.184669
2535.790000     644.508818     3.810593     9758.757181     107.667680     10403.265998
2547.510000     644.797509     3.814729     9766.916223     107.958462     10411.713733
2673.210000     647.912313     3.859534     9855.796298     111.175595     10503.708611
2677.100000     648.009250     3.860934     9858.587747     111.278125     10506.596997
2678.700000     648.049131     3.861509     9859.736628     111.320350     10507.785758
2682.000000     648.131402     3.862698     9862.107535     111.407537     10510.238936
2696.600000     648.495675     3.867961     9872.618724     111.794876     10521.114399
2716.680000     648.997432     3.875219     9887.133431     112.331901     10536.130863
2776.700000     650.502464     3.897039     9930.926400     113.967489     10581.428864
2780.180000     650.589969     3.898310     9933.484539     114.063747     10584.074508
2806.300000     651.247613     3.907871     9952.752668     114.791341     10604.000281
2832.810000     651.916619     3.917611     9972.431181     115.539136     10624.347799
2857.800000     652.548692     3.926828     9991.095964     116.252838     10643.644656
2888.800000     653.334709     3.938308     10014.406129     117.150277     10667.740838
2956.700000     655.063857     3.963636     10066.080952     119.164271     10721.144809
2977.800000     655.603305     3.971559     10082.315210     119.804059     10737.918515
3032.100000     656.996194     3.992061     10124.486888     121.482082     10781.483082
3043.400000     657.286902     3.996348     10133.335225     121.837130     10790.622127
3093.400000     658.576726     4.015404     10172.791909     123.433075     10831.368635
3101.300000     658.781043     4.018427     10179.072084     123.689027     10837.853128
3127.900000     659.470055     4.028635     10200.311667     124.558623     10859.781722
3225.400000     662.009596     4.066396     10279.427455     127.852569     10941.437051
3248.000000     662.601417     4.075228     10298.057044     128.640989     10960.658461
3263.600000     663.010631     4.081341     10310.981847     129.190891     10973.992478
3291.000000     663.730767     4.092114     10333.814030     130.168191     10997.544797
3292.600000     663.772874     4.092744     10335.152495     130.225716     10998.925368
3297.430000     663.900019     4.094648     10339.196485     130.399680     11003.096504
3307.600000     664.167917     4.098661     10347.728718     130.767500     11011.896635
3309.700000     664.223266     4.099491     10349.493458     130.843710     11013.716724
3406.400000     666.783316     4.137972     10431.861359     134.452083     11098.644675
3418.300000     667.099906     4.142747     10442.150347     134.909990     11109.250253
3425.900000     667.302276     4.145801     10448.739365     135.204081     11116.041641
3429.900000     667.408843     4.147409     10452.212898     135.359385     11119.621741
3461.900000     668.262766     4.160313     10480.142102     136.614874     11148.404869
3464.900000     668.342949     4.161526     10482.773408     136.733781     11151.116356
3476.100000     668.642489     4.166059     10492.616728     137.179551     11161.259217
3537.400000     670.287347     4.191007     10547.052290     139.672323     11217.339637
3540.100000     670.360006     4.192111     10549.472077     139.784228     11219.832084
3541.100000     670.386922     4.192520     10550.368775     139.825721     11220.755697
3565.300000     671.039028     4.202439     10572.148426     140.837506     11243.187454
3570.100000     671.168543     4.204410     10576.486629     141.039958     11247.655172
3575.000000     671.300814     4.206425     10580.921493     141.247237     11252.222307
3580.900000     671.460157     4.208852     10586.269879     141.497641     11257.730037
3583.500000     671.530404     4.209922     10588.629733     141.608274     11260.160137
3607.000000     672.166081     4.219615     10610.041248     142.616263     11282.207329
3649.000000     673.305591     4.237027     10648.681881     144.454609     11321.987473
3657.900000     673.547622     4.240730     10656.932424     144.850381     11330.480046
3681.000000     674.176736     4.250367     10678.450160     145.888005     11352.626896
3719.000000     675.214547     4.266295     10714.176905     147.628364     11389.391452
3740.100000     675.792372     4.275179     10734.194776     148.613194     11409.987148
3775.000000     676.750578     4.289936     10767.592937     150.272039     11444.343515
3786.300000     677.061489     4.294731     10778.484734     150.817322     11455.546223
3867.200000     679.296897     4.329307     10857.609232     154.843430     11536.906129
3888.800000     679.896579     4.338612     10879.084354     155.956199     11558.980932
3892.000000     679.985523     4.339993     10882.278669     156.122462     11562.264192
3895.100000     680.071712     4.341332     10885.376336     156.283879     11565.448048
3902.100000     680.266425     4.344357     10892.382594     156.649644     11572.649019
3960.100000     681.884643     4.369549     10951.058753     159.749953     11632.943396
3978.400000     682.397034     4.377544     10969.807840     160.754789     11652.204875
4017.100000     683.483499     4.394528     11009.840201     162.923742     11693.323700
4039.200000     684.105698     4.404273     11032.938592     164.189963     11717.044290
4055.000000     684.551318     4.411261     11049.560206     165.107910     11734.111524
4110.500000     686.121863     4.435944     11108.675378     168.419369     11794.797241
4117.000000     686.306337     4.438848     11115.674476     168.816344     11801.980813
4125.300000     686.542059     4.442562     11124.635270     169.326118     11811.177328
4130.440000     686.688128     4.444864     11130.197757     169.643435     11816.885885
4133.200000     686.766591     4.446101     11133.188824     169.814341     11819.955415
4145.200000     687.107973     4.451485     11146.227809     170.561641     11833.335781
4147.800000     687.181989     4.452653     11149.060315     170.724470     11836.242304
4156.240000     687.422384     4.456448     11158.273321     171.255302     11845.695705
4182.000000     688.157283     4.468060     11186.566879     172.897221     11874.724161
4189.000000     688.357292     4.471224     11194.301185     173.349155     11882.658477
4222.100000     689.304840     4.486231     11231.143327     175.520450     11920.448167
4286.900000     691.168463     4.515839     11304.595944     179.942791     11995.764408
4289.200000     691.234821     4.516895     11307.236210     180.104119     11998.471031
4358.000000     693.226489     4.548676     11387.305330     185.076916     12080.531819
4361.900000     693.339779     4.550488     11391.908691     185.367623     12085.248471
4381.000000     693.895220     4.559379     11414.556012     186.805598     12108.451231
4403.000000     694.536248     4.569652     11440.855970     188.491880     12135.392218
4416.000000     694.915670     4.575740     11456.506261     189.503798     12151.421931
4420.400000     695.044197     4.577803     11461.821904     189.848947     12156.866101
4432.900000     695.409624     4.583673     11476.974999     190.836916     12172.384623
4457.100000     696.118333     4.595070     11506.531997     192.781499     12202.650330
4498.500000     697.334566     4.614670     11557.787048     196.209509     12255.121613
4498.800000     697.343396     4.614813     11558.161706     196.234832     12255.505103
4501.200000     697.414053     4.615953     11561.160679     196.437671     12258.574732
4507.100000     697.587819     4.618758     11568.546063     196.938257     12266.133882
4511.500000     697.717471     4.620852     11574.065801     197.313382     12271.783272
4517.000000     697.879614     4.623471     11580.979954     197.784475     12278.859568
4531.200000     698.298632     4.630244     11598.906001     199.012132     12297.204634
4533.000000     698.351788     4.631103     11601.186086     199.168936     12299.537875
4577.500000     699.668850     4.652434     11658.121397     203.132946     12357.790247
4593.200000     700.134869     4.659997     11678.473774     204.572957     12378.608644
4598.000000     700.277488     4.662313     11684.724338     205.017685     12385.001826
4637.000000     701.438713     4.681196     11736.009037     208.711253     12437.447749
4644.200000     701.653572     4.684695     11745.575780     209.409195     12447.229352
4647.200000     701.743140     4.686154     11749.571162     209.701522     12451.314302
4753.100000     704.921657     4.738120     11894.232511     220.632285     12599.154168
4789.200000     706.012671     4.756041     11945.241266     224.654573     12651.253938
4796.200000     706.224670     4.759528     11955.237407     225.453560     12661.462077
4805.700000     706.512614     4.764266     11968.859352     226.548120     12675.371966
4810.200000     706.649102     4.766514     11975.334437     227.070759     12681.983540
4839.200000     707.530130     4.781036     12017.416766     230.504836     12724.946896
4869.700000     708.459429     4.796383     12062.353481     234.244962     12770.812909
4919.900000     709.995022     4.821812     12137.894298     240.709087     12847.889320
4955.400000     711.085529     4.839921     12192.557532     245.530841     12903.643062
5016.200000     712.962093     4.871183     12288.720884     254.323671     13001.682978
5053.200000     714.109607     4.890362     12348.906410     260.039099     13063.016017
5073.200000     714.731637     4.900779     12381.991961     263.254061     13096.723598
5101.200000     715.604552     4.915419     12428.989591     267.913269     13144.594144
5140.200000     716.824450     4.935926     12495.824288     274.733256     13212.648738
5162.200000     717.514688     4.947552     12534.262740     278.763229     13251.777428
5226.200000     719.531282     4.981619     12649.304080     291.323582     13368.835362
5253.000000     720.379569     4.995993     12698.988733     296.993352     13419.368301
5274.200000     721.052216     5.007410     12738.963041     301.668934     13460.015257
5292.000000     721.618092     5.017027     12773.001839     305.733352     13494.619930
5304.000000     722.000152     5.023526     12796.201589     308.548629     13518.201741
5312.200000     722.261491     5.027975     12812.174230     310.508634     13534.435721
5319.500000     722.494328     5.031941     12826.476741     312.278989     13548.971068
5335.600000     723.008450     5.040705     12858.302202     316.271189     13581.310651
5359.300000     723.766780     5.053649     12905.876587     322.379089     13629.643367
5366.200000     723.987900     5.057427     12919.894607     324.211820     13643.882506
5401.000000     725.105463     5.076550     12991.793004     333.858653     13716.898468
5413.900000     725.520731     5.083667     13018.971933     337.617058     13744.492664
5543.300000     729.716458     5.155930     13309.499419     382.200027     14039.215877
5566.000000     730.458201     5.168772     13364.267687     391.644159     14094.725889
5572.200000     730.661091     5.172288     13379.450008     394.329351     14110.111099
5579.300000     730.893590     5.176319     13396.957757     397.463396     14127.851347
5592.300000     731.319729     5.183713     13429.358436     403.372603     14160.678165
5601.900000     731.634780     5.189184     13453.578639     407.885543     14185.213418
5735.300000     736.044910     5.266142     13820.330155     488.608036     14556.375064
5797.300000     738.115295     5.302517     14014.900723     544.659880     14753.016019
5804.300000     738.349883     5.306649     14038.095142     552.224824     14776.445025
5828.300000     739.155476     5.320852     14119.776555     580.764766     14858.932031
5833.000000     739.313472     5.323641     14136.185997     586.896859     14875.499469
5878.000000     740.830112     5.350454     14301.058116     658.331072     15041.888228
6093.300000     748.185734     5.481706     15531.485466     723.792894     16279.671200
6285.600000     754.898053     5.603235     15732.586503     157.753768     16487.484556
6375.300000     758.076351     5.661368     15643.503717     157.917235     16401.580067
6496.400000     762.416040     5.741356     15523.193234     158.140904     16285.609274
7075.600000     783.983855     6.149499     14947.038063     159.260681     15731.021918
7400.000000     796.686713     6.398259     14623.778688     159.926693     15420.465400
7472.700000     799.598519     6.456167     14551.275045     160.080050     15350.873564
7513.300000     801.235282     6.488863     14510.774982     160.166369     15312.010264
7529.900000     801.906714     6.502306     14494.213819     160.201802     15296.120533
7605.600000     804.985026     6.564166     14418.675896     160.364431     15223.660922
8564.940000     846.491258     7.435187     13459.092271     162.586405     14305.583529
8629.000000     849.439572     7.499717     13394.852242     162.746352     14244.291815
8639.180000     849.910277     7.510052     13384.641605     162.771914     14234.551881
8693.600000     852.436773     7.565683     13330.048296     162.909244     14182.485068
8700.800000     852.772335     7.573092     13322.824158     162.927500     14175.596492
8718.600000     853.603224     7.591457     13304.963264     162.972719     14158.566488
8719.100000     853.626591     7.591973     13304.461529     162.973991     14158.088119
8719.300000     853.635938     7.592180     13304.260834     162.974500     14157.896772
8727.700000     854.028725     7.600872     13295.831461     162.995885     14149.860186
8731.900000     854.225275     7.605224     13291.616629     163.006588     14145.841904
8734.500000     854.347000     7.607920     13289.007399     163.013217     14143.354399
8738.600000     854.539034     7.612174     13284.892767     163.023676     14139.431801
8743.300000     854.759292     7.617056     13280.175880     163.035674     14134.935172
8743.700000     854.778043     7.617472     13279.774437     163.036695     14134.552481
8746.500000     854.909330     7.620382     13276.964313     163.043847     14131.873642
8747.500000     854.956229     7.621422     13275.960686     163.046402     14130.916915
8750.500000     855.096962     7.624543     13272.949774     163.054070     14128.046736
9807.900000     908.277733     8.863802     12208.343094     165.999752     13116.620827
9830.900000     909.520044     8.894203     12185.105502     166.069740     13094.625546
9842.900000     910.169768     8.910129     12172.980058     166.106365     13083.149826
9855.900000     910.874849     8.927433     12159.843006     166.146128     13070.717856
9864.000000     911.314809     8.938242     12151.657005     166.170948     13062.971814
Ex(e+de) = a0 + a1(e+de) + a2(e+de)^2
chi-squared: 0.000416, a0 = 23.510256MeV, a1 = -1.042850, a2 = -0.000127(MeV)^-1



Deutrons:
Excitation energy (keV):     Energy dE-detector (keV):     dEnergy dE-detector (keV):     Energy E-detector (keV):    dEnergy dE-detector (keV):     Total particle energy (keV):     
0.000000     1520.988794     15.898490     11993.410326     188.027854     13514.399120
40.840000     1524.513124     15.996020     11951.819337     188.228972     13476.332461
243.420000     1542.286012     16.494059     11745.232265     189.248092     13287.518277
287.810000     1546.246567     16.606464     11699.900123     189.476318     13246.146690
390.130000     1555.468645     16.870216     11595.318251     190.009337     13150.786896
426.190000     1558.750037     16.964749     11558.430688     190.199537     13117.180726
548.310000     1569.986373     17.291193     11433.387821     190.853007     13003.374194
637.460000     1578.311992     17.535822     11341.984451     191.339381     12920.296443
644.820000     1579.004047     17.556263     11334.433827     191.379895     12913.437874
674.960000     1581.845659     17.640363     11303.505818     191.546380     12885.351478
698.310000     1584.055516     17.705956     11279.537136     191.676004     12863.592652
727.720000     1586.849408     17.789123     11249.337634     191.840075     12836.187042
755.800000     1589.527961     17.869108     11220.493097     191.997572     12810.021058
915.330000     1604.953158     18.334523     11056.416845     192.908392     12661.370004
982.710000     1611.576466     18.536890     10987.010895     193.301496     12598.587361
1023.020000     1615.570245     18.659654     10945.458165     193.539124     12561.028410
1051.600000     1618.416250     18.747477     10915.982975     193.708731     12534.399225
1077.200000     1620.975726     18.826700     10889.571120     193.861456     12510.546846
1141.660000     1627.463591     19.028549     10823.024600     194.249415     12450.488192
1144.100000     1627.710400     19.036257     10820.504421     194.264197     12448.214820
1221.510000     1635.587376     19.283388     10740.504735     194.736873     12376.092112
1248.670000     1638.372817     19.371304     10712.414811     194.904441     12350.787628
1285.120000     1642.128960     19.490295     10674.699199     195.130755     12316.828159
1346.300000     1648.480230     19.692641     10611.349060     195.514349     12259.829290
1354.300000     1649.315100     19.719347     10603.061001     195.564858     12252.376101
1367.000000     1650.642545     19.761860     10589.901656     195.645209     12240.544201
1370.520000     1651.010921     19.773669     10586.253895     195.667516     12237.264817
1373.900000     1651.364832     19.785019     10582.751033     195.688950     12234.115865
1403.300000     1654.450939     19.884181     10552.274776     195.876014     12206.725715
1410.200000     1655.177239     19.907568     10545.120210     195.920079     12200.297450
1416.100000     1655.798887     19.927600     10539.001940     195.957806     12194.800827
1427.500000     1657.001629     19.966397     10527.178634     196.030832     12184.180263
1429.580000     1657.221303     19.973489     10525.021176     196.044174     12182.242480
1433.000000     1657.582651     19.985158     10521.473668     196.066124     12179.056319
1485.670000     1663.171648     20.166246     10466.816347     196.406108     12129.987994
1504.900000     1665.223531     20.233012     10446.849637     196.531154     12112.073168
1507.300000     1665.480044     20.241370     10444.357271     196.546795     12109.837315
1511.200000     1665.897080     20.254962     10440.306977     196.572229     12106.204057
1525.910000     1667.472320     20.306361     10425.027872     196.668341     12092.500193
1568.060000     1672.005938     20.454793     10381.227552     196.945363     12053.233491
1581.600000     1673.468597     20.502840     10367.151206     197.034866     12040.619804
1677.640000     1683.932513     20.848855     10267.219050     197.677008     11951.151563
1679.100000     1684.092804     20.854187     10265.698681     197.686870     11949.791485
1682.100000     1684.422283     20.865149     10262.574523     197.707143     11946.996807
1710.510000     1687.550179     20.969417     10232.981132     197.899768     11920.531311
1736.300000     1690.401777     21.064789     10206.104889     198.075630     11896.506666
1745.000000     1691.366360     21.097117     10197.035869     198.135172     11888.402228
1759.500000     1692.976953     21.151174     10181.917920     198.234654     11874.894873
1820.300000     1699.770852     21.380257     10118.486842     198.655145     11818.257694
1827.600000     1700.590999     21.408027     10110.866567     198.705999     11811.457566
1843.000000     1702.324309     21.466800     10094.787823     198.813542     11797.112132
1916.720000     1710.681194     21.751738     10017.759929     199.333316     11728.441122
1981.390000     1718.094345     22.006690     9950.106965     199.796164     11668.201309
2067.500000     1728.086805     22.353630     9859.904852     200.422709     11587.991657
2145.900000     1737.307927     22.677155     9777.657136     201.003615     11514.965062
2147.990000     1737.555379     22.685881     9775.462946     201.019240     11513.018325
2154.700000     1738.350406     22.713934     9768.417871     201.069454     11506.768278
2160.640000     1739.054938     22.738815     9762.180519     201.113969     11501.235457
2239.500000     1748.474460     23.073291     9679.307397     201.710609     11427.781856
2295.330000     1755.218431     23.314862     9620.561670     202.139483     11375.780101
2444.100000     1773.502006     23.978681     9463.711888     203.309431     11237.213894
2518.700000     1782.846100     24.322997     9384.885798     203.911469     11167.731898
2622.700000     1796.074978     24.816376     9274.793310     204.768623     11070.868288
2638.600000     1798.118621     24.893217     9257.940842     204.901546     11056.059464
2740.000000     1811.286499     25.392349     9150.332533     205.761298     10961.619032
2829.000000     1823.040137     25.843793     9055.688367     206.533549     10878.728504
2892.230000     1831.504684     26.172393     8988.334777     207.092549     10819.839462
3029.490000     1850.215645     26.909228     8841.788350     208.336795     10692.003995
3191.510000     1872.916342     27.822764     8668.193768     209.862425     10541.110109
3434.800000     1908.326259     29.291459     8406.202215     212.278157     10314.528474
3580.000000     1930.261756     30.228541     8249.038260     213.797134     10179.300016
3627.500000     1937.574089     30.545634     8197.487767     214.307390     10135.061855
3979.230000     1993.946874     33.071039     7813.532185     218.308137     9807.479059
4164.920000     2025.400883     34.543869     7609.129302     220.593439     9634.530186
4447.230000     2075.692880     36.997091     7295.883492     224.329578     9371.576372
4628.940000     2109.773776     38.730408     7092.539031     226.920863     9202.312808
4746.350000     2132.562238     39.922255     6960.376386     228.681203     9092.938624
4999.950000     2183.998531     42.712000     6672.676752     232.738663     8856.675283
5048.290000     2194.166938     43.280219     6617.469395     233.554943     8811.636332
5619.590000     2324.371455     51.070230     5954.866754     244.445677     8279.238209
6008.110000     2425.302103     57.811092     5491.720387     253.491725     7917.022490
7100.820000     2787.506140     88.050557     4109.733807     291.265907     6897.239947
7619.830000     3022.448295     114.067180     3389.599458     321.524487     6412.047753
Ex(e+de) = a0 + a1(e+de) + a2(e+de)^2
chi-squared: 0.000092, a0 = 14.461379MeV, a1 = -1.064689, a2 = -0.000414(MeV)^-1



Tritons:
Excitation energy (keV):     Energy dE-detector (keV):     dEnergy dE-detector (keV):     Energy E-detector (keV):    dEnergy dE-detector (keV):     Total particle energy (keV):     
0.000000     2570.675705     42.982279     7952.494979     240.702782     10523.170683
475.100000     2669.176831     47.917322     7421.707004     247.985024     10090.883835
970.060000     2782.897609     54.133622     6857.580842     256.825857     9640.478451
1310.540000     2868.899906     59.231003     6461.699343     263.846352     9330.599249
1394.200000     2891.129568     60.607130     6363.320702     265.710820     9254.450270
1660.460000     2965.064979     65.365240     6047.004909     272.067088     9012.069888
1732.600000     2985.986924     66.763763     5960.405479     273.910540     8946.392402
1904.180000     3037.399504     70.301808     5752.769210     278.528140     8790.168715
1932.660000     3046.168419     70.919953     5718.067158     279.328449     8764.235577
1942.480000     3049.208033     71.135240     5706.085567     279.606747     8755.293599
2088.860000     3095.525049     74.481505     5526.467485     283.904608     8621.992534
2203.420000     3133.154184     77.293148     5384.501494     287.477495     8517.655677
2295.100000     3164.197130     79.677491     5269.951245     290.481803     8434.148375
2336.470000     3178.487917     80.795297     5217.975673     291.882562     8396.463590
2358.190000     3186.063297     81.393065     5190.614414     292.629692     8376.677711
2399.020000     3200.441456     82.537711     5139.040777     294.056631     8339.482233
2472.460000     3226.767480     84.668208     5045.807679     296.699921     8272.575160
2583.750000     3267.850159     88.084715     4903.323605     300.906091     8171.173764
2584.600000     3268.169652     88.111732     4902.229584     300.939198     8170.399236
2611.720000     3278.410115     88.981395     4867.276669     302.003659     8145.686784
2627.150000     3284.277291     89.482921     4847.348886     302.616431     8131.626177
2684.120000     3306.201668     91.378282     4773.508031     304.925150     8079.709699
2720.710000     3320.505274     92.633146     4725.858026     306.447698     8046.363301
2728.340000     3323.510336     92.898643     4715.899130     306.769232     8039.409466
2792.630000     3349.144617     95.190045     4631.669212     309.535819     7980.813829
2840.490000     3368.601559     96.961552     4568.587841     311.664608     7937.189400
2857.100000     3375.430851     97.590057     4546.617797     312.417821     7922.048649
2924.200000     3403.433523     100.204282     4457.446607     315.539607     7860.880130
2932.740000     3407.046122     100.545941     4446.048468     315.946302     7853.094591
3001.610000     3436.594298     103.378942     4353.710698     319.307419     7790.304996
3015.720000     3442.741121     103.977016     4334.698757     320.014498     7777.439878
3019.300000     3444.305832     104.129746     4329.869851     320.194929     7774.175683
3042.000000     3454.276148     105.107598     4299.201534     321.348839     7753.477682
3065.540000     3464.705558     106.139163     4267.307375     322.563735     7732.012933
3092.100000     3476.585121     107.325100     4231.208273     323.957452     7707.793394
3198.580000     3525.451205     112.328911     4085.233889     329.804270     7610.685094
3259.780000     3554.480539     115.400092     4000.382513     333.367303     7554.863052
3277.100000     3562.827034     116.297138     3976.236851     334.404526     7539.063886
3323.100000     3585.284249     118.742511     3911.816254     337.224305     7497.100502
3372.700000     3609.985284     121.486791     3841.863505     340.375746     7451.848789
3454.400000     3651.827024     126.270222     3725.474258     345.837691     7377.301281
3521.200000     3687.166857     130.447608     3629.172983     350.577128     7316.339840
3547.000000     3701.101936     132.130610     3591.690554     352.478964     7292.792490
3653.700000     3760.528540     139.545138     3434.865648     360.808846     7195.394188
3739.500000     3810.560968     146.101261     3306.495318     368.112949     7117.056286
3779.500000     3834.623394     149.362396     3245.906129     371.726341     7080.529523
3790.100000     3841.082163     150.250114     3229.767157     372.707779     7070.849320
3853.100000     3880.208434     155.743309     3133.102207     378.761114     7013.310641
3942.800000     3938.232111     164.272840     2993.138004     388.097007     6931.370115
3947.000000     3941.019519     164.694673     2986.513430     388.556836     6927.532950
4051.800000     4012.778102     175.961612     2818.993842     400.778042     6831.771944
4082.000000     4034.289079     179.499676     2769.882280     404.593049     6804.171359
4132.800000     4071.380030     185.786843     2686.358290     411.347603     6757.738320
4286.300000     4191.137349     207.876996     2426.252204     434.855062     6617.389553
4332.100000     4229.385669     215.582551     2346.114384     442.981894     6575.500052
4380.600000     4271.316118     224.443155     2259.817925     452.285471     6531.134043
4467.200000     4350.223738     242.438554     2101.673228     471.056563     6451.896967
4589.700000     4472.197413     274.433104     1867.572163     504.075578     6339.769576
4818.700000     4745.408054     378.213926     1384.607213     608.844818     6130.015267
4991.000000     5016.632541     553.873006     955.426811     782.887358     5972.059352
5119.200000     5299.311266     412.376773     555.137387     645.339004     5854.448653
5136.300000     5347.245038     404.263193     491.510382     632.610812     5838.755420
Ex(e+de) = a0 + a1(e+de) + a2(e+de)^2
chi-squared: 0.000006, a0 = 11.483672MeV, a1 = -1.081874, a2 = -0.000906(MeV)^-1



Helium-3:
Excitation energy (keV):     Energy dE-detector (keV):     dEnergy dE-detector (keV):     Energy E-detector (keV):    dEnergy dE-detector (keV):     Total particle energy (keV):     
Ex(e+de) = a0 + a1(e+de) + a2(e+de)^2
chi-squared: 0.000006, a0 = 11.483672MeV, a1 = -1.081874, a2 = -0.000906(MeV)^-1



Alphas:
Excitation energy (keV):     Energy dE-detector (keV):     dEnergy dE-detector (keV):     Energy E-detector (keV):    dEnergy dE-detector (keV):     Total particle energy (keV):     
0.000000     7499.723044     116.060803     15321.310977     461.910935     22821.034021
1332.518000     7940.577171     139.222344     13662.854172     494.247839     21603.431343
2158.640000     8252.682500     157.748942     12595.123524     518.905417     20847.806024
2284.870000     8303.482863     160.946278     12428.808139     523.071978     20732.291002
2505.766000     8394.568177     166.813099     12135.538933     530.656493     20530.107110
2626.080000     8445.399049     170.163558     11974.564697     534.954282     20419.963746
3119.700000     8663.666346     185.199204     11304.241649     553.966205     19967.907996
3124.020000     8665.649648     185.340808     11298.300905     554.143258     19963.950553
3186.020000     8694.261076     187.393880     11212.890475     556.706369     19907.151551
3194.020000     8697.973091     187.661658     11201.849233     557.040132     19899.822324
3269.380000     8733.170371     190.217008     11097.606983     560.219013     19830.777354
3318.700000     8756.433764     191.922239     11029.152913     562.334243     19785.586677
3381.000000     8786.082590     194.114523     10942.416044     565.046618     19728.498634
3393.500000     8792.067200     194.559636     10924.976615     565.596379     19717.043814
3588.100000     8886.822486     201.725486     10651.868322     574.404252     19538.690807
3619.550000     8902.423192     202.926935     10607.438993     575.873364     19509.862185
3670.710000     8927.976633     204.908320     10534.987142     578.291531     19462.963775
3700.000000     8942.705527     206.058024     10493.406607     579.692069     19436.112134
3730.670000     8958.206642     207.274085     10449.787577     581.171385     19407.994219
3736.100000     8960.959454     207.490697     10442.056477     581.434670     19403.015932
3875.000000     9032.252565     213.170147     10243.405426     588.314633     19275.657991
3887.800000     9038.908727     213.707308     10225.011645     588.963069     19263.920372
3895.000000     9042.659332     214.010511     10214.658536     589.328913     19257.317868
3925.800000     9058.756837     215.316168     10170.316223     590.902922     19229.073060
4007.900000     9102.093548     218.866242     10051.684516     595.171424     19153.778064
4020.450000     9108.773662     219.418054     10033.493847     595.833458     19142.267509
4035.000000     9116.537010     220.060899     10012.385331     596.604222     19128.922341
4039.670000     9119.033017     220.267936     10005.605969     596.852347     19124.638986
4078.540000     9139.889121     222.004677     9949.096919     598.931648     19088.986040
4116.000000     9160.126783     223.701566     9894.497696     600.959644     19054.624479
4165.410000     9187.030772     225.975338     9822.267673     603.671614     19009.298445
4191.000000     9201.059966     227.169188     9784.762307     605.093069     18985.822273
4265.130000     9242.073867     230.691894     9675.736753     609.277653     18917.810620
4294.500000     9258.479437     232.114681     9632.383150     610.963723     18890.862587
4300.000000     9261.561615     232.382866     9624.254390     611.281278     18885.816006
4319.000000     9272.233505     233.313606     9596.148533     612.382732     18868.382037
4334.700000     9281.080511     234.087741     9572.895182     613.298120     18853.975694
4341.000000     9284.637911     234.399677     9563.556796     613.666785     18848.194707
4355.700000     9292.954902     235.130431     9541.750621     614.530015     18834.705523
4399.400000     9317.816156     237.327130     9476.787071     617.121427     18794.603227
4407.450000     9322.418340     237.735808     9464.797328     617.602961     18787.215668
4450.000000     9346.861715     239.917137     9401.303899     620.170139     18748.165614
4493.440000     9372.022699     242.181528     9336.273404     622.829762     18708.296103
4535.700000     9396.703511     244.421650     9272.803490     625.455655     18669.507001
4548.800000     9404.395432     245.123663     9253.086974     626.277508     18657.482406
4579.100000     9422.262234     246.761438     9207.406605     628.192936     18629.668839
4760.500000     9531.499229     256.996041     8931.627157     640.103449     18463.126386
4768.000000     9536.101902     257.435784     8920.137717     640.612989     18456.239618
4781.000000     9544.096531     258.201261     8900.205823     641.499543     18444.302354
4800.000000     9555.819210     259.327530     8871.035915     642.802989     18426.855124
4844.200000     9583.267276     261.982592     8802.997967     645.871225     18386.265242
4849.000000     9586.263137     262.273915     8795.593975     646.207503     18381.857113
4859.000000     9592.514079     262.882746     8780.159317     646.910042     18372.673396
4958.000000     9655.106706     269.052759     8626.639609     654.011657     18281.746315
4970.000000     9662.782599     269.818721     8607.941221     654.891023     18270.723820
4985.720000     9672.867625     270.828218     8583.416389     656.049234     18256.284014
5015.100000     9691.806848     272.733670     8537.488757     658.233110     18229.295605
5048.300000     9713.352439     274.916799     8485.444082     660.731615     18198.796521
5090.000000     9740.633767     277.704950     8419.852705     663.917019     18160.486472
5106.000000     9751.167171     278.788658     8394.619269     665.153485     18145.786441
5120.000000     9760.414124     279.743339     8372.509455     666.241982     18132.923578
5133.000000     9769.025996     280.635263     8351.953215     667.258291     18120.979212
5148.700000     9779.459322     281.719481     8327.094409     668.492891     18106.553731
5174.000000     9796.348448     283.483092     8286.958294     670.499215     18083.306742
5205.000000     9817.172194     285.672169     8237.648688     672.986320     18054.820882
5244.000000     9843.575362     288.471195     8175.406257     676.161276     18018.981620
5317.800000     9894.178812     293.910034     8056.977094     682.314511     17951.155905
5348.900000     9915.760151     296.259767     8006.810686     684.966478     17922.570837
5379.100000     9936.865603     298.575399     7957.945848     687.576269     17894.811452
5410.000000     9958.614052     300.980097     7907.793010     690.282624     17866.407061
5448.700000     9986.075286     304.043604     7844.755084     693.724907     17830.830370
5529.900000     10044.519463     310.666175     7711.655963     701.145718     17756.175426
5662.900000     10142.763549     322.123271     7491.107758     713.920420     17633.871307
5780.500000     10232.383926     332.944830     7293.318990     725.917351     17525.702916
5785.100000     10235.944308     333.382279     7285.527032     726.400969     17521.471340
5799.300000     10246.961716     334.739656     7261.446695     727.900959     17508.408411
5824.000000     10266.222503     337.126212     7219.462907     730.535910     17485.685410
6460.900000     10811.214142     412.630762     6088.155578     812.574365     16899.369720
6810.400000     11159.242186     470.533897     5418.044211     874.132791     16577.286397
6836.700000     11187.189794     475.580258     5365.849330     879.454277     16553.039125
7431.500000     11905.771297     632.017824     4098.480839     1041.909664     16004.252136
8043.900000     12922.435333     1010.951054     2515.903862     1424.183557     15438.339195
8520.500000     14189.477998     905.052365     807.749160     1295.137027     14997.227158
Ex(e+de) = a0 + a1(e+de) + a2(e+de)^2
chi-squared: 0.000004, a0 = 24.531387MeV, a1 = -1.053450, a2 = -0.000946(MeV)^-1



