This file was generated by QKinz.


Protons:
Excitation energy (keV):     Energy dE-detector (keV):     dEnergy dE-detector (keV):     Energy E-detector (keV):    dEnergy dE-detector (keV):     Total particle energy (keV):     
0.000000     583.494880     3.094686     8267.401909     67.219813     8850.896789
669.670000     597.102913     3.272532     8570.212058     74.678788     9167.314971
962.100000     603.273287     3.355213     8712.671768     78.424816     9315.945055
1326.980000     611.177775     3.463007     8900.370041     83.608885     9511.547817
1412.040000     613.054269     3.488909     8945.841233     84.909157     9558.895502
1547.060000     616.059841     3.530646     9019.439467     87.051781     9635.499308
1861.210000     623.183700     3.630809     9197.848043     92.448015     9821.031743
2011.510000     626.658424     3.680299     9287.011283     95.256835     9913.669706
2062.220000     627.840688     3.697233     9317.685834     96.241041     9945.526522
2081.320000     628.287300     3.703642     9329.318995     96.616732     9957.606295
2092.580000     628.550928     3.707429     9336.197682     96.839513     9964.748610
2207.850000     631.264199     3.746542     9407.511346     99.177247     10038.775545
2336.560000     634.325356     3.790979     9489.133813     101.917116     10123.459169
2404.790000     635.961777     3.814867     9533.291618     103.428691     10169.253395
2429.000000     636.544729     3.823400     9549.112673     103.975365     10185.657402
2497.480000     638.200231     3.847697     9594.306261     105.551993     10232.506492
2506.450000     638.417803     3.850897     9600.275150     105.761903     10238.692953
2512.000000     638.552506     3.852879     9603.974039     105.892181     10242.526544
2535.790000     639.130637     3.861394     9619.879459     106.454118     10259.010096
2547.510000     639.415886     3.865599     9627.745265     106.733060     10267.161151
2673.210000     642.493496     3.911154     9713.386348     109.815440     10355.879844
2677.100000     642.589274     3.912577     9716.074728     109.913562     10358.664002
2678.700000     642.628678     3.913163     9717.181165     109.953969     10359.809842
2682.000000     642.709965     3.914371     9719.464436     110.037401     10362.174401
2696.600000     643.069881     3.919723     9729.586381     110.407989     10372.656263
2716.680000     643.565636     3.927102     9743.561646     110.921623     10387.127281
2776.700000     645.052646     3.949289     9785.713256     112.484772     10430.765903
2780.180000     645.139103     3.950581     9788.174871     112.576711     10433.313974
2806.300000     645.788865     3.960303     9806.713660     113.271452     10452.502525
2832.810000     646.449848     3.970207     9825.643066     113.985106     10472.092914
2857.800000     647.074338     3.979579     9843.593347     114.665868     10490.667685
2888.800000     647.850918     3.991252     9866.005686     115.521393     10513.856605
2956.700000     649.559286     4.017008     9915.668128     117.439312     10565.227415
2977.800000     650.092246     4.025064     9931.263819     118.047995     10581.356066
3032.100000     651.468368     4.045912     9971.762279     119.643088     10623.230646
3043.400000     651.755574     4.050271     9980.256879     119.980337     10632.012453
3093.400000     653.029851     4.069650     10018.124764     121.495193     10671.154616
3101.300000     653.231704     4.072725     10024.150324     121.737973     10677.382028
3127.900000     653.912403     4.083105     10044.525235     122.562478     10698.437638
3225.400000     656.421264     4.121506     10120.371101     125.680779     10776.792365
3248.000000     657.005926     4.130487     10138.219260     126.426016     10795.225187
3263.600000     657.410188     4.136705     10150.599317     126.945535     10808.009506
3291.000000     658.121606     4.147660     10172.463926     127.868305     10830.585532
3292.600000     658.163203     4.148301     10173.745460     127.922599     10831.908663
3297.430000     658.288809     4.150237     10177.617301     128.086777     10835.906109
3307.600000     658.553461     4.154319     10185.785624     128.433835     10844.339086
3309.700000     658.608139     4.155163     10187.474978     128.505730     10846.083117
3406.400000     661.137144     4.194299     10266.278382     131.905049     10927.415526
3418.300000     661.449890     4.199155     10276.115712     132.335752     10937.565602
3425.900000     661.649802     4.202260     10282.414733     132.612290     10944.064535
3429.900000     661.755074     4.203896     10285.735150     132.758299     10947.490224
3461.900000     662.598623     4.217020     10312.427183     133.938000     10975.025806
3464.900000     662.677831     4.218254     10314.941376     134.049670     10977.619206
3476.100000     662.973730     4.222864     10324.345740     134.468214     10987.319469
3537.400000     664.598576     4.248238     10376.329233     136.806043     11040.927809
3540.100000     664.670351     4.249361     10378.639045     136.910885     11043.309396
3541.100000     664.696939     4.249777     10379.494968     136.949756     11044.191907
3565.300000     665.341104     4.259865     10400.280711     137.897226     11065.621815
3570.100000     665.469041     4.261870     10404.420126     138.086718     11069.889166
3575.000000     665.599700     4.263919     10408.651490     138.280696     11074.251190
3580.900000     665.757102     4.266387     10413.754078     138.514989     11079.511180
3583.500000     665.826493     4.267476     10416.005347     138.618490     11081.831840
3607.000000     666.454422     4.277335     10436.427932     139.561069     11102.882353
3649.000000     667.580032     4.295044     10473.266778     141.278167     11140.846810
3657.900000     667.819109     4.298811     10481.129722     141.647503     11148.948831
3681.000000     668.440542     4.308613     10501.631769     142.615261     11170.072311
3719.000000     669.465675     4.324813     10535.656582     144.236610     11205.122257
3740.100000     670.036436     4.333850     10554.712271     145.153078     11224.748707
3775.000000     670.982921     4.348860     10586.491202     146.695103     11257.474123
3786.300000     671.290028     4.353738     10596.851136     147.201527     11268.141164
3867.200000     673.498049     4.388907     10672.054693     150.933643     11345.552743
3888.800000     674.090377     4.398372     10692.447985     151.962945     11366.538362
3892.000000     674.178229     4.399777     10695.480730     152.116654     11369.658959
3895.100000     674.263362     4.401139     10698.421552     152.265863     11372.684914
3902.100000     674.455686     4.404216     10705.072468     152.603889     11379.528154
3960.100000     676.054034     4.429842     10760.740142     155.464881     11436.794175
3978.400000     676.560127     4.437975     10778.515480     156.390535     11455.075608
4017.100000     677.633232     4.455252     10816.448194     158.385854     11494.081425
4039.200000     678.247775     4.465165     10838.322209     159.548986     11516.569983
4055.000000     678.687908     4.472273     10854.056848     160.391401     11532.744756
4110.500000     680.239104     4.497382     10909.976722     163.424780     11590.215826
4117.000000     680.421303     4.500337     10916.593236     163.787828     11597.014539
4125.300000     680.654118     4.504115     10925.062879     164.253848     11605.716997
4130.440000     680.798386     4.506456     10930.319723     164.543825     11611.118109
4133.200000     680.875881     4.507715     10933.146199     164.699971     11614.022081
4145.200000     681.213051     4.513192     10945.465708     165.382457     11626.678760
4147.800000     681.286155     4.514380     10948.141495     165.531104     11629.427650
4156.240000     681.523583     4.518240     10956.843701     166.015552     11638.367284
4182.000000     682.249410     4.530054     10983.558417     167.512551     11665.807827
4189.000000     682.446949     4.533272     10990.858447     167.924211     11673.305396
4222.100000     683.382791     4.548539     11025.615907     169.899687     11708.998698
4286.900000     685.223364     4.578660     11094.831669     173.911216     11780.055033
4289.200000     685.288900     4.579735     11097.317604     174.057252     11782.606504
4358.000000     687.255896     4.612068     11172.637497     178.548051     11859.893393
4361.900000     687.367782     4.613911     11176.963695     178.809940     11864.331477
4381.000000     687.916334     4.622956     11198.240806     180.104324     11886.157140
4403.000000     688.549409     4.633408     11222.935579     181.619998     11911.484988
4416.000000     688.924122     4.639602     11237.623462     182.528381     11926.547584
4420.400000     689.051053     4.641701     11242.610989     182.838018     11931.662041
4432.900000     689.411942     4.647672     11256.825277     183.723773     11946.237220
4457.100000     690.111847     4.659268     11284.536223     185.464743     11974.648070
4498.500000     691.312960     4.679209     11332.542669     188.525927     12023.855630
4498.800000     691.321682     4.679354     11332.893357     188.548503     12024.215039
4501.200000     691.391459     4.680514     11335.700337     188.729316     12027.091797
4507.100000     691.563064     4.683368     11342.612014     189.175390     12034.175078
4511.500000     691.691103     4.685498     11347.776872     189.509524     12039.467976
4517.000000     691.851228     4.688163     11354.245481     189.928967     12046.096709
4531.200000     692.265032     4.695054     11371.011095     191.021123     12063.276127
4533.000000     692.317526     4.695928     11373.143030     191.160525     12065.460557
4577.500000     693.618185     4.717631     11426.338187     194.677522     12119.956373
4593.200000     694.078397     4.725326     11445.334301     195.951745     12139.412698
4598.000000     694.219237     4.727682     11451.166264     196.344904     12145.385501
4637.000000     695.365980     4.746895     11498.979166     199.603442     12194.345146
4644.200000     695.578157     4.750455     11507.890835     200.217825     12203.468993
4647.200000     695.666608     4.751940     11511.611937     200.475025     12207.278545
4753.100000     698.805406     4.804815     11646.056079     210.037450     12344.861484
4789.200000     699.882764     4.823049     11693.324283     213.529034     12393.207047
4796.200000     700.092108     4.826597     11702.578639     214.220842     12402.670746
4805.700000     700.376445     4.831419     11715.185056     215.167624     12415.561501
4810.200000     700.511223     4.833706     11721.175514     215.619312     12421.686737
4839.200000     701.381209     4.848482     11760.077921     218.580940     12461.459131
4869.700000     702.298852     4.864099     11801.560061     221.794089     12503.858913
4919.900000     703.815169     4.889974     11871.151968     227.316638     12574.967137
4955.400000     704.891972     4.908401     11921.395855     231.410411     12626.287827
5016.200000     706.744926     4.940214     12009.540606     238.818660     12716.285533
5053.200000     707.877986     4.959731     12064.542383     243.594146     12772.420369
5073.200000     708.492175     4.970330     12094.722027     246.266420     12803.214202
5101.200000     709.354082     4.985229     12137.521242     250.121176     12846.875324
5140.200000     710.558581     5.006098     12198.238316     255.724992     12908.796898
5162.200000     711.240100     5.017929     12233.077600     259.014573     12944.317701
5226.200000     713.231195     5.052598     12336.977993     269.162510     13050.209189
5253.000000     714.068744     5.067226     12381.672384     273.690791     13095.741128
5274.200000     714.732872     5.078845     12417.549981     277.400219     13132.282853
5292.000000     715.291576     5.088632     12448.041334     280.606429     13163.332910
5304.000000     715.668793     5.095246     12468.791477     282.817207     13184.460269
5312.200000     715.926818     5.099774     12483.062385     284.351485     13198.989203
5319.500000     716.156702     5.103810     12495.830443     285.733860     13211.987145
5335.600000     716.664302     5.112729     12524.204855     288.839107     13240.869157
5359.300000     717.413007     5.125903     12566.524166     293.557560     13283.937173
5366.200000     717.631319     5.129748     12578.971283     294.965686     13296.602603
5401.000000     718.734685     5.149210     12642.646826     302.318678     13361.381511
5413.900000     719.144674     5.156454     12666.643239     305.156473     13385.787913
5543.300000     723.286974     5.230001     12920.365924     337.645622     13643.652898
5566.000000     724.019254     5.243071     12967.572265     344.245517     13691.591518
5572.200000     724.219554     5.246650     12980.620165     346.103740     13704.839719
5579.300000     724.449085     5.250753     12995.645549     348.262306     13720.094633
5592.300000     724.869783     5.258278     13023.391874     352.302079     13748.261656
5601.900000     725.180810     5.263846     13044.080693     355.360668     13769.261503
5735.300000     729.534512     5.342177     13351.267769     406.111391     14080.802281
5797.300000     731.578342     5.379203     13508.814726     436.872014     14240.393068
5804.300000     731.809918     5.383408     13527.302724     440.740235     14259.112642
5828.300000     732.605164     5.397865     13591.870127     454.727771     14324.475291
5833.000000     732.761130     5.400704     13604.736436     457.608369     14337.497566
5878.000000     734.258272     5.427997     13731.905139     487.944321     14466.163411
6093.300000     741.519007     5.561605     14485.179468     833.012364     15226.698475
6285.600000     748.144274     5.685325     15873.194653     894.927393     16621.338927
6375.300000     751.281196     5.744508     15783.774565     481.236106     16535.055762
6496.400000     755.564231     5.825945     15663.007928     163.212404     16418.572159
7075.600000     776.847711     6.241531     15084.658774     164.445604     15861.506485
7400.000000     789.380940     6.494866     14760.161841     165.178379     15549.542781
7472.700000     792.253637     6.553842     14687.380007     165.347035     15479.633644
7513.300000     793.868379     6.587143     14646.724452     165.441953     15440.592830
7529.900000     794.530769     6.600834     14630.099686     165.480914     15424.630455
7605.600000     797.567572     6.663838     14554.271516     165.659713     15351.839088
8564.940000     838.504809     7.551127     13590.981860     168.099508     14429.486669
8629.000000     841.412043     7.616872     13526.492604     168.274911     14367.904647
8639.180000     841.876180     7.627402     13516.242342     168.302940     14358.118522
8693.600000     844.367391     7.684082     13461.437118     168.453513     14305.804510
8700.800000     844.698261     7.691630     13454.184932     168.473528     14298.883194
8718.600000     845.517529     7.710341     13436.254686     168.523102     14281.772215
8719.100000     845.540569     7.710868     13435.751002     168.524496     14281.291571
8719.300000     845.549785     7.711078     13435.549528     168.525054     14281.099313
8727.700000     845.937076     7.719934     13427.087421     168.548498     14273.024497
8731.900000     846.130875     7.724368     13422.856220     168.560230     14268.987095
8734.500000     846.250897     7.727115     13420.236857     168.567497     14266.487753
8738.600000     846.440242     7.731450     13416.106245     168.578963     14262.546487
8743.300000     846.657416     7.736424     13411.371038     168.592115     14258.028454
8743.700000     846.675905     7.736847     13410.968037     168.593235     14257.643941
8746.500000     846.805353     7.739813     13408.146998     168.601075     14254.952350
8747.500000     846.851595     7.740872     13407.139473     168.603876     14253.991068
8750.500000     846.990357     7.744052     13404.116866     168.612281     14251.107223
9807.900000     899.411715     9.006892     12335.362576     171.836246     13234.774291
9830.900000     900.635935     9.037875     12312.034259     171.912724     13212.670194
9842.900000     901.276191     9.054106     12299.861471     171.952744     13201.137662
9855.900000     901.970993     9.071742     12286.673126     171.996190     13188.644119
9864.000000     902.404535     9.082758     12278.455162     172.023309     13180.859697
Ex(e+de) = a0 + a1(e+de) + a2(e+de)^2
chi-squared: 0.000541, a0 = 23.535298MeV, a1 = -1.032891, a2 = -0.000315(MeV)^-1



Deutrons:
Excitation energy (keV):     Energy dE-detector (keV):     dEnergy dE-detector (keV):     Energy E-detector (keV):    dEnergy dE-detector (keV):     Total particle energy (keV):     
0.000000     1501.866658     16.264529     12180.088552     197.143065     13681.955210
40.840000     1505.320859     16.364382     12138.309023     197.361344     13643.629882
243.420000     1522.738035     16.874246     11930.789238     198.466916     13453.527273
287.810000     1526.618852     16.989310     11885.253310     198.714385     13411.872162
390.130000     1535.654593     17.259289     11780.202584     199.292183     13315.857177
426.190000     1538.869457     17.356050     11743.150089     199.498306     13282.019545
548.310000     1549.877076     17.690166     11617.549904     200.206256     13167.426980
637.460000     1558.032318     17.940526     11525.740953     200.732956     13083.773271
644.820000     1558.710176     17.961444     11518.156895     200.776819     13076.867071
674.960000     1561.493438     18.047510     11487.092054     200.957059     13048.585492
698.310000     1563.657854     18.114634     11463.017457     201.097375     13026.675311
727.720000     1566.394217     18.199741     11432.684668     201.274961     12999.078885
755.800000     1569.017533     18.281590     11403.712994     201.445411     12972.730527
915.330000     1584.123055     18.757812     11238.916813     202.430744     12823.039868
982.710000     1590.608269     18.964857     11169.208063     202.855802     12759.816332
1023.020000     1594.518535     19.090453     11127.474565     203.112684     12721.993100
1051.600000     1597.304918     19.180299     11097.871387     203.296006     12695.176304
1077.200000     1599.810693     19.261344     11071.345017     203.461062     12671.155710
1141.660000     1606.162099     19.467828     11004.510696     203.880258     12610.672795
1144.100000     1606.403707     19.475713     11001.979638     203.896228     12608.383345
1221.510000     1614.114329     19.728501     10921.635436     204.406794     12535.749765
1248.670000     1616.840772     19.818424     10893.424920     204.587752     12510.265692
1285.120000     1620.517212     19.940128     10855.547709     204.832114     12476.064920
1346.300000     1626.733338     20.147077     10791.926961     205.246204     12418.660299
1354.300000     1627.550408     20.174390     10783.603577     205.300720     12411.153985
1367.000000     1628.849535     20.217868     10770.388181     205.387440     12399.237716
1370.520000     1629.210049     20.229945     10766.724891     205.411515     12395.934940
1373.900000     1629.556405     20.241552     10763.207120     205.434648     12392.763525
1403.300000     1632.576569     20.342961     10732.601290     205.636515     12365.177859
1410.200000     1633.287334     20.366878     10725.416343     205.684062     12358.703676
1416.100000     1633.895680     20.387364     10719.272102     205.724770     12353.167782
1427.500000     1635.072672     20.427039     10707.398639     205.803562     12342.471311
1429.580000     1635.287642     20.434291     10705.232033     205.817958     12340.519675
1433.000000     1635.641249     20.446224     10701.669485     205.841640     12337.310734
1485.670000     1641.110330     20.631402     10646.780883     206.208406     12287.891213
1504.900000     1643.118096     20.699673     10626.729894     206.343279     12269.847990
1507.300000     1643.369090     20.708219     10624.227016     206.360148     12267.596106
1511.200000     1643.777152     20.722117     10620.159643     206.387578     12263.936795
1525.910000     1645.318477     20.774673     10604.816150     206.491233     12250.134627
1568.060000     1649.754319     20.926442     10560.831624     206.789950     12210.585943
1581.600000     1651.185381     20.975567     10546.696198     206.886449     12197.881578
1677.640000     1661.422503     21.329325     10446.346310     207.578602     12107.768813
1679.100000     1661.579309     21.334775     10444.819610     207.589230     12106.398919
1682.100000     1661.901626     21.345982     10441.682442     207.611076     12103.584068
1710.510000     1664.961454     21.452574     10411.965973     207.818634     12076.927427
1736.300000     1667.750895     21.550069     10384.978189     208.008105     12052.729083
1745.000000     1668.694430     21.583116     10375.871581     208.072249     12044.566011
1759.500000     1670.269854     21.638374     10360.691035     208.179412     12030.960889
1820.300000     1676.915056     21.872535     10296.998109     208.632289     11973.913165
1827.600000     1677.717214     21.900919     10289.346466     208.687050     11967.063680
1843.000000     1679.412481     21.960991     10273.201596     208.802849     11952.614077
1916.720000     1687.585428     22.252210     10195.858117     209.362397     11883.443545
1981.390000     1694.834699     22.512756     10127.929651     209.860483     11822.764350
2067.500000     1704.605186     22.867270     10037.362730     210.534460     11741.967916
2145.900000     1713.620372     23.197816     9954.784972     211.159067     11668.405344
2147.990000     1713.862283     23.206732     9952.582013     211.175864     11666.444295
2154.700000     1714.639503     23.235392     9945.508792     211.229843     11660.148295
2160.640000     1715.328247     23.260810     9939.246536     211.277693     11654.574783
2239.500000     1724.536099     23.602496     9856.043959     211.918891     11580.580058
2295.330000     1731.127839     23.849247     9797.066336     212.379622     11528.194175
2444.100000     1748.995797     24.527183     9639.604363     213.635744     11388.600160
2518.700000     1758.125834     24.878752     9560.474603     214.281711     11318.600437
2622.700000     1771.049732     25.382441     9449.962688     215.200923     11221.012421
2638.600000     1773.046059     25.460879     9433.046514     215.343419     11206.092572
2740.000000     1785.907746     25.970323     9325.034635     216.264757     11110.942381
2829.000000     1797.386149     26.431005     9230.040268     217.091839     11027.426417
2892.230000     1805.651346     26.766275     9162.440269     217.690243     10968.091615
3029.490000     1823.918231     27.517900     9015.366155     219.021334     10839.284385
3191.510000     1846.073777     28.449446     8841.162318     220.651832     10687.236095
3434.800000     1880.619082     29.946318     8578.286626     223.229991     10458.905708
3580.000000     1902.010079     30.900865     8420.614525     224.848835     10322.624604
3627.500000     1909.139362     31.223777     8368.901243     225.392249     10278.040604
3979.230000     1964.074543     33.793821     7983.799087     229.646198     9947.873630
4164.920000     1994.705567     35.291259     7778.837918     232.070774     9773.543484
4447.230000     2043.649458     37.783061     7464.816849     236.026272     9508.466307
4628.940000     2076.793517     39.541780     7261.027130     238.763659     9337.820647
4746.350000     2098.944741     40.750181     7128.602107     240.620443     9227.546848
4999.950000     2148.909856     43.575708     6840.412389     244.891578     8989.322245
5048.290000     2158.781902     44.150698     6785.124673     245.749398     8943.906575
5619.590000     2285.020960     52.015285     6121.962417     257.148151     8406.983377
6008.110000     2382.643341     58.792141     5658.966019     266.551052     8041.609360
7100.820000     2730.932754     88.836583     4281.617057     305.171836     7012.549811
7619.830000     2954.676947     114.170396     3568.044559     335.332493     6522.721506
Ex(e+de) = a0 + a1(e+de) + a2(e+de)^2
chi-squared: 0.000116, a0 = 14.499985MeV, a1 = -1.050850, a2 = -0.000672(MeV)^-1



Tritons:
Excitation energy (keV):     Energy dE-detector (keV):     dEnergy dE-detector (keV):     Energy E-detector (keV):    dEnergy dE-detector (keV):     Total particle energy (keV):     
0.000000     2526.058512     43.973891     8174.475471     254.733265     10700.533984
475.100000     2621.384211     48.968907     7642.816055     262.399000     10264.200266
970.060000     2731.226278     55.239446     7078.264888     271.654845     9809.491166
1310.540000     2814.131856     60.362963     6682.464689     278.965171     9496.596545
1394.200000     2835.536827     61.743243     6584.162684     280.900665     9419.699511
1660.460000     2906.654039     66.506015     6268.264986     287.480196     9174.919025
1732.600000     2926.756802     67.903011     6181.829298     289.382913     9108.586100
1904.180000     2976.114031     71.431220     5974.680419     294.138067     8950.794451
1932.660000     2984.526240     72.046761     5940.073563     294.960627     8924.599804
1942.480000     2987.441782     72.261079     5928.125791     295.246552     8915.567573
2088.860000     3031.840667     75.588115     5749.075404     299.654942     8780.916072
2203.420000     3067.872440     78.377494     5607.643136     303.309285     8675.515576
2295.100000     3097.570388     80.738533     5493.582328     306.374708     8591.152715
2336.470000     3111.233523     81.844003     5441.847061     307.801646     8553.080584
2358.190000     3118.473992     82.434803     5414.617028     308.562135     8533.091019
2399.020000     3132.212247     83.565379     5363.299797     310.013417     8495.512045
2472.460000     3157.352031     85.667136     5270.561161     312.697725     8427.913192
2583.750000     3196.544892     89.030556     5128.913656     316.958186     8325.458548
2584.600000     3196.849499     89.057119     5127.826453     316.991667     8324.675953
2611.720000     3206.611296     89.911863     5093.094620     318.067690     8299.705916
2627.150000     3212.202851     90.404527     5073.295743     318.686722     8285.498594
2684.120000     3233.088330     92.264688     4999.951080     321.016423     8233.039410
2720.710000     3246.706433     93.494752     4952.637169     322.550548     8199.343602
2728.340000     3249.566693     93.754848     4942.750129     322.874297     8192.316822
2792.630000     3273.954545     95.997399     4859.150854     325.656603     8133.105399
2840.490000     3292.451820     97.728375     4796.569387     327.793405     8089.021207
2857.100000     3298.941444     98.341916     4774.779177     328.548600     8073.720621
2924.200000     3325.535722     100.890605     4686.369264     331.673813     8011.904986
2932.740000     3328.964773     101.223304     4675.072148     332.080384     8004.036921
3001.610000     3356.995469     103.978467     4583.584963     335.435428     7940.580432
3015.720000     3362.822941     104.559297     4564.755438     336.140078     7927.578378
3019.300000     3364.306154     104.707577     4559.973269     336.319824     7924.279423
3042.000000     3373.755211     105.656503     4529.605650     337.468736     7903.360861
3065.540000     3383.635710     106.656723     4498.031396     338.677207     7881.667105
3092.100000     3394.885443     107.805570     4462.303386     340.062083     7857.188829
3198.580000     3441.108072     112.640350     4317.931425     345.854529     7759.039497
3259.780000     3468.525714     115.597627     4234.090656     349.370613     7702.616370
3277.100000     3476.402952     116.459929     4210.243774     350.392184     7686.646726
3323.100000     3497.584309     118.807175     4146.645471     353.164856     7644.229779
3372.700000     3520.859247     121.435342     4077.628462     356.255716     7598.487710
3454.400000     3560.229213     126.001043     3962.900321     361.592614     7523.129534
3521.200000     3593.424484     129.972104     3868.078017     366.202674     7461.502500
3547.000000     3606.499148     131.567663     3831.198259     368.047076     7437.697407
3653.700000     3662.158982     138.566925     3677.070152     376.087616     7339.229134
3739.500000     3708.892067     144.714287     3551.134010     383.086467     7260.026077
3779.500000     3731.323971     147.757254     3491.770536     386.530690     7223.094507
3790.100000     3737.340098     148.583855     3475.966774     387.464077     7213.306872
3853.100000     3773.738640     153.682186     3381.389668     393.200971     7155.128308
3942.800000     3827.565010     161.540666     3244.707597     401.979892     7072.272608
3947.000000     3830.146030     161.927451     3238.246442     402.410090     7068.392472
4051.800000     3896.433390     172.191647     3075.122379     413.766245     6971.555769
4082.000000     3916.242680     175.387828     3027.401266     417.280045     6943.643946
4132.800000     3950.329110     181.034771     2946.356978     423.463978     6896.686088
4286.300000     4059.729962     200.529936     2695.011631     444.598487     6754.741594
4332.100000     4094.441097     207.197799     2617.931952     451.758584     6712.373049
4380.600000     4132.354325     214.776190     2535.143941     459.858485     6667.498266
4467.200000     4203.275795     229.861380     2384.073097     475.871721     6587.348892
4589.700000     4311.670521     255.591352     2162.251930     502.888621     6473.922451
4818.700000     4547.428833     327.793613     1714.283236     577.157809     6261.712069
4991.000000     4767.055206     436.388424     1334.828445     685.855324     6101.883651
5119.200000     4970.372931     582.149969     1012.492631     830.134641     5982.865562
5136.300000     5001.405949     573.405281     965.577722     822.772419     5966.983671
Ex(e+de) = a0 + a1(e+de) + a2(e+de)^2
chi-squared: 0.000008, a0 = 11.532225MeV, a1 = -1.064599, a2 = -0.001241(MeV)^-1



Helium-3:
Excitation energy (keV):     Energy dE-detector (keV):     dEnergy dE-detector (keV):     Energy E-detector (keV):    dEnergy dE-detector (keV):     Total particle energy (keV):     
Ex(e+de) = a0 + a1(e+de) + a2(e+de)^2
chi-squared: 0.000008, a0 = 11.532225MeV, a1 = -1.064599, a2 = -0.001241(MeV)^-1



Alphas:
Excitation energy (keV):     Energy dE-detector (keV):     dEnergy dE-detector (keV):     Energy E-detector (keV):    dEnergy dE-detector (keV):     Total particle energy (keV):     
0.000000     7381.796883     123.059118     15733.478028     504.187293     23115.274911
1332.518000     7808.377822     147.212037     14080.012083     538.773278     21888.389905
2158.640000     8109.443011     166.413109     13017.430956     564.944613     21126.873967
2284.870000     8158.365925     169.715884     12852.083327     569.349210     21010.449252
2505.766000     8246.025432     175.767644     12560.641714     577.353600     20806.667146
2626.080000     8294.910497     179.218728     12400.739391     581.881557     20695.649887
3119.700000     8504.533121     194.660652     11735.450004     601.843270     20239.983125
3124.020000     8506.435647     194.805726     11729.558248     602.028638     20235.993895
3186.020000     8533.877194     196.908363     11644.861142     604.711006     20178.738336
3194.020000     8537.436798     197.182502     11633.913352     605.060145     20171.350150
3269.380000     8571.181622     199.797340     11530.567611     608.383707     20101.749233
3318.700000     8593.477733     201.541046     11462.716439     610.593426     20056.194173
3381.000000     8621.885268     203.781354     11376.759970     613.424874     19998.645238
3393.500000     8627.618158     204.236018     11359.479703     613.998482     19987.097861
3588.100000     8718.334921     211.546369     11088.965428     623.175141     19807.300350
3619.550000     8733.261013     212.770329     11044.976628     624.703319     19778.237641
3670.710000     8757.703426     214.787753     10973.254633     627.217177     19730.958060
3700.000000     8771.788502     215.957750     10932.099478     628.672264     19703.887980
3730.670000     8786.609318     217.194777     10888.931850     630.208498     19675.541168
3736.100000     8789.241024     217.415071     10881.281314     630.481838     19670.522338
3875.000000     8857.366479     223.185235     10684.759000     637.616450     19542.125479
3887.800000     8863.723799     223.730394     10666.568145     638.288079     19530.291944
3895.000000     8867.305778     224.038068     10656.329696     638.666947     19523.635474
3925.800000     8882.677607     225.362609     10612.482098     640.296483     19495.159704
4007.900000     8924.044966     228.961008     10495.203242     644.711407     19419.248207
4020.450000     8930.419457     229.519934     10477.223846     645.395604     19407.643303
4035.000000     8937.826926     230.170931     10456.361786     646.191986     19394.188713
4039.670000     8940.208356     230.380563     10449.661874     646.448316     19389.870230
4078.540000     8960.104026     232.138472     10393.820715     648.595559     19353.924741
4116.000000     8979.404508     233.855014     10339.876475     650.688417     19319.280983
4165.410000     9005.054569     236.153521     10268.527760     653.484952     19273.582329
4191.000000     9018.426227     237.359622     10231.486766     654.949735     19249.912994
4265.130000     9057.503259     240.915516     10123.837827     659.257878     19181.341086
4294.500000     9073.127937     242.350447     10081.042859     660.992042     19154.170797
4300.000000     9076.063011     242.620841     10073.019565     661.318547     19149.082576
4319.000000     9086.224591     243.559043     10045.280129     662.450773     19131.504720
4334.700000     9094.647407     244.339148     10022.332021     663.391418     19116.979428
4341.000000     9098.033946     244.653428     10013.116752     663.770173     19111.150697
4355.700000     9105.950816     245.389538     9991.599265     664.656847     19097.550081
4399.400000     9129.610503     247.601176     9927.505776     667.317096     19057.116279
4407.450000     9133.989347     248.012440     9915.678266     667.811164     19049.667614
4450.000000     9157.241696     250.206555     9853.052667     670.443817     19010.294363
4493.440000     9181.168168     252.482391     9788.926371     673.168858     18970.094539
4535.700000     9204.629546     254.731998     9726.354204     675.856920     18930.983750
4548.800000     9211.939693     255.436607     9706.919674     676.697735     18918.859367
4579.100000     9228.916514     257.079738     9661.898352     678.656439     18890.814866
4760.500000     9332.613250     267.325452     9390.272893     690.806995     18722.886143
4768.000000     9336.978683     267.764803     9378.963239     691.325680     18715.941922
4781.000000     9344.560496     268.529429     9359.344551     692.227926     18703.905046
4800.000000     9355.676141     269.654047     9330.636030     693.553930     18686.312171
4844.200000     9381.694857     272.303343     9263.688340     696.672863     18645.383197
4849.000000     9384.534026     272.593874     9256.404194     697.014491     18640.938220
4859.000000     9390.457590     273.200945     9241.220133     697.728078     18631.677723
4958.000000     9449.739287     279.345266     9090.250166     704.931347     18539.989453
4970.000000     9457.005005     280.107037     9071.869557     705.822026     18528.874562
4985.720000     9466.549724     281.110671     9047.763949     706.994710     18514.313672
5015.100000     9484.469978     283.004006     9002.628854     709.204542     18487.098832
5048.300000     9504.849503     285.171556     8951.494166     711.730603     18456.343669
5090.000000     9530.643753     287.937170     8887.067915     714.947813     18417.711668
5106.000000     9540.599798     289.011317     8862.288215     716.195619     18402.888012
5120.000000     9549.338428     289.957203     8840.578510     717.293631     18389.916937
5133.000000     9557.475644     290.840595     8820.396409     718.318429     18377.872052
5148.700000     9567.332304     291.914029     8795.992828     719.562827     18363.325131
5174.000000     9583.284168     293.659134     8756.598172     721.583866     18339.882341
5205.000000     9602.945835     295.823574     8708.210554     724.087135     18311.156390
5244.000000     9627.865201     298.588401     8647.149601     727.279372     18275.014801
5317.800000     9675.592002     303.952093     8531.024147     733.455332     18206.616149
5348.900000     9695.933193     306.265791     8481.856114     736.112692     18177.789307
5379.100000     9715.818039     308.543798     8433.976917     738.725189     18149.794956
5410.000000     9736.300544     310.907193     8384.849417     741.431615     18121.149961
5448.700000     9762.151363     313.914783     8323.120289     744.869952     18085.271652
5529.900000     9817.123127     320.403771     8192.859727     752.266790     18009.982855
5662.900000     9909.388167     331.588394     7977.249403     764.950240     17886.637571
5780.500000     9993.393293     342.103877     7784.152194     776.803139     17777.545488
5785.100000     9996.727332     342.527949     7776.550390     777.279754     17773.277722
5799.300000     10007.042724     343.843318     7753.060323     778.757431     17760.103047
5824.000000     10025.070380     346.154183     7712.115191     781.351007     17737.185571
6460.900000     10531.788497     418.021297     6614.021335     860.667915     17145.809831
6810.400000     10851.419480     471.427323     5969.492132     918.266486     16820.911612
6836.700000     10876.931847     476.008638     5919.519545     923.164881     16796.451392
7431.500000     11523.348867     611.941338     4719.456304     1066.190079     16242.805171
8043.900000     12394.608057     891.031475     3277.191542     1351.108966     15671.799598
8520.500000     13363.156789     1212.066896     1863.501345     1679.673867     15226.658135
Ex(e+de) = a0 + a1(e+de) + a2(e+de)^2
chi-squared: 0.000004, a0 = 24.590398MeV, a1 = -1.039180, a2 = -0.001071(MeV)^-1



