   0.25  0.152  3.33E+00 1.33E+01 1.33E+01 1.90E+00 3.02E+00 3.08E+00 2.39E+00 1.49E+00 7.65E-01 3.27E-01 1.17E-01 3.55E-02 9.08E-03 1.97E-03 3.64E-04 5.71E-05 7.64E-06 8.71E-07 8.47E-08 7.03E-09 4.98E-10 3.02E-11 1.56E-12 6.90E-14 2.61E-15 8.42E-17 2.33E-18 0.00E+00 0.00E+00 0.00E+00 0.00E+00 0.00E+00 0.00E+00 
   0.50  0.243  1.02E+01 2.73E+01 2.73E+01 3.25E+00 5.37E+00 5.87E+00 5.03E+00 3.56E+00 2.13E+00 1.09E+00 4.83E-01 1.85E-01 6.20E-02 1.81E-02 4.60E-03 1.03E-03 2.00E-04 3.43E-05 5.15E-06 6.78E-07 7.85E-08 7.98E-09 7.13E-10 5.60E-11 3.87E-12 2.35E-13 1.25E-14 5.89E-16 2.43E-17 8.84E-19 0.00E+00 0.00E+00 0.00E+00 
   0.75  0.337  2.32E+01 5.23E+01 5.23E+01 5.31E+00 9.04E+00 1.04E+01 9.51E+00 7.34E+00 4.89E+00 2.84E+00 1.46E+00 6.60E-01 2.65E-01 9.47E-02 3.02E-02 8.57E-03 2.17E-03 4.93E-04 1.00E-04 1.82E-05 2.95E-06 4.30E-07 5.61E-08 6.56E-09 6.88E-10 6.47E-11 5.45E-12 4.12E-13 2.79E-14 1.70E-15 9.27E-17 4.54E-18 0.00E+00 
   1.00  0.414  4.68E+01 9.43E+01 9.43E+01 8.36E+00 1.45E+01 1.73E+01 1.67E+01 1.37E+01 9.88E+00 6.30E+00 3.59E+00 1.84E+00 8.45E-01 3.51E-01 1.32E-01 4.46E-02 1.37E-02 3.83E-03 9.69E-04 2.23E-04 4.65E-05 8.80E-06 1.52E-06 2.38E-07 3.38E-08 4.38E-09 5.16E-10 5.53E-11 5.39E-12 4.79E-13 3.87E-14 2.84E-15 1.90E-16 
   1.25  0.424  8.79E+01 1.64E+02 1.64E+02 1.29E+01 2.28E+01 2.79E+01 2.79E+01 2.42E+01 1.85E+01 1.27E+01 7.82E+00 4.39E+00 2.24E+00 1.04E+00 4.43E-01 1.72E-01 6.14E-02 2.01E-02 6.01E-03 1.65E-03 4.17E-04 9.68E-05 2.06E-05 4.04E-06 7.27E-07 1.20E-07 1.83E-08 2.56E-09 3.30E-10 3.91E-11 4.26E-12 4.28E-13 3.95E-14 
   1.50  0.483  1.54E+02 2.65E+02 2.65E+02 1.87E+01 3.36E+01 4.19E+01 4.33E+01 3.89E+01 3.12E+01 2.26E+01 1.49E+01 8.99E+00 4.98E+00 2.53E+00 1.19E+00 5.16E-01 2.06E-01 7.64E-02 2.62E-02 8.29E-03 2.43E-03 6.62E-04 1.67E-04 3.90E-05 8.44E-06 1.70E-06 3.16E-07 5.47E-08 8.77E-09 1.30E-09 1.80E-10 2.31E-11 2.75E-12 
   1.75  0.502  2.62E+02 4.31E+02 4.31E+02 2.77E+01 5.01E+01 6.37E+01 6.73E+01 6.24E+01 5.20E+01 3.94E+01 2.74E+01 1.75E+01 1.04E+01 5.69E+00 2.89E+00 1.37E+00 6.02E-01 2.46E-01 9.40E-02 3.34E-02 1.11E-02 3.43E-03 9.90E-04 2.67E-04 6.72E-05 1.58E-05 3.47E-06 7.11E-07 1.36E-07 2.44E-08 4.08E-09 6.38E-10 9.32E-11 
   2.00  0.523  4.37E+02 7.02E+02 7.02E+02 4.13E+01 7.54E+01 9.72E+01 1.05E+02 9.97E+01 8.58E+01 6.75E+01 4.90E+01 3.29E+01 2.06E+01 1.20E+01 6.51E+00 3.31E+00 1.57E+00 7.00E-01 2.92E-01 1.14E-01 4.19E-02 1.44E-02 4.66E-03 1.41E-03 4.03E-04 1.08E-04 2.71E-05 6.40E-06 1.42E-06 2.96E-07 5.80E-08 1.07E-08 1.85E-09 
   2.25  0.489  7.38E+02 1.20E+03 1.20E+03 6.51E+01 1.20E+02 1.56E+02 1.72E+02 1.67E+02 1.47E+02 1.20E+02 9.01E+01 6.31E+01 4.13E+01 2.53E+01 1.45E+01 7.85E+00 3.98E+00 1.90E+00 8.55E-01 3.62E-01 1.45E-01 5.44E-02 1.93E-02 6.47E-03 2.05E-03 6.11E-04 1.72E-04 4.57E-05 1.15E-05 2.72E-06 6.10E-07 1.29E-07 2.58E-08 
   2.50  0.470  1.26E+03 2.10E+03 2.10E+03 1.06E+02 1.96E+02 2.58E+02 2.87E+02 2.85E+02 2.57E+02 2.15E+02 1.67E+02 1.21E+02 8.23E+01 5.26E+01 3.17E+01 1.80E+01 9.67E+00 4.90E+00 2.35E+00 1.07E+00 4.57E-01 1.86E-01 7.15E-02 2.61E-02 9.00E-03 2.95E-03 9.14E-04 2.69E-04 7.50E-05 1.98E-05 4.98E-06 1.18E-06 2.67E-07 
   2.75  0.461  2.15E+03 3.55E+03 3.55E+03 1.67E+02 3.10E+02 4.13E+02 4.65E+02 4.68E+02 4.31E+02 3.68E+02 2.93E+02 2.19E+02 1.54E+02 1.03E+02 6.44E+01 3.83E+01 2.15E+01 1.15E+01 5.82E+00 2.80E+00 1.28E+00 5.55E-01 2.29E-01 8.97E-02 3.35E-02 1.19E-02 4.00E-03 1.28E-03 3.92E-04 1.14E-04 3.15E-05 8.30E-06 2.08E-06 
   3.00  0.457  3.70E+03 6.20E+03 6.20E+03 2.72E+02 5.09E+02 6.83E+02 7.78E+02 7.94E+02 7.44E+02 6.48E+02 5.29E+02 4.06E+02 2.94E+02 2.02E+02 1.31E+02 8.11E+01 4.76E+01 2.66E+01 1.41E+01 7.15E+00 3.45E+00 1.58E+00 6.94E-01 2.90E-01 1.15E-01 4.39E-02 1.59E-02 5.52E-03 1.82E-03 5.75E-04 1.73E-04 4.98E-05 1.37E-05 
   3.25  0.576  5.95E+03 8.99E+03 8.99E+03 3.72E+02 6.98E+02 9.42E+02 1.08E+03 1.12E+03 1.07E+03 9.45E+02 7.86E+02 6.18E+02 4.60E+02 3.25E+02 2.18E+02 1.39E+02 8.48E+01 4.92E+01 2.73E+01 1.44E+01 7.30E+00 3.53E+00 1.63E+00 7.20E-01 3.04E-01 1.23E-01 4.76E-02 1.76E-02 6.24E-03 2.12E-03 6.87E-04 2.13E-04 6.35E-05 
   3.50  0.595  9.38E+03 1.37E+04 1.37E+04 5.36E+02 1.01E+03 1.37E+03 1.59E+03 1.66E+03 1.60E+03 1.44E+03 1.22E+03 9.81E+02 7.47E+02 5.41E+02 3.73E+02 2.46E+02 1.55E+02 9.30E+01 5.35E+01 2.95E+01 1.55E+01 7.85E+00 3.80E+00 1.77E+00 7.85E-01 3.35E-01 1.37E-01 5.39E-02 2.03E-02 7.34E-03 2.55E-03 8.47E-04 2.71E-04 
   3.75  0.630  1.48E+04 2.17E+04 2.17E+04 8.03E+02 1.52E+03 2.07E+03 2.42E+03 2.55E+03 2.49E+03 2.28E+03 1.96E+03 1.60E+03 1.24E+03 9.21E+02 6.52E+02 4.41E+02 2.86E+02 1.77E+02 1.05E+02 6.02E+01 3.29E+01 1.73E+01 8.75E+00 4.24E+00 1.98E+00 8.86E-01 3.81E-01 1.58E-01 6.28E-02 2.40E-02 8.85E-03 3.13E-03 1.07E-03 
   4.00  0.545  2.34E+04 3.43E+04 3.43E+04 1.21E+03 2.29E+03 3.14E+03 3.69E+03 3.93E+03 3.87E+03 3.58E+03 3.13E+03 2.60E+03 2.06E+03 1.55E+03 1.12E+03 7.79E+02 5.18E+02 3.30E+02 2.02E+02 1.19E+02 6.76E+01 3.68E+01 1.93E+01 9.74E+00 4.73E+00 2.21E+00 9.98E-01 4.33E-01 1.81E-01 7.29E-02 2.83E-02 1.06E-02 3.81E-03 
   4.25  0.545  3.70E+04 5.43E+04 5.43E+04 1.82E+03 3.45E+03 4.75E+03 5.63E+03 6.04E+03 6.01E+03 5.62E+03 4.98E+03 4.19E+03 3.37E+03 2.60E+03 1.92E+03 1.36E+03 9.24E+02 6.05E+02 3.81E+02 2.31E+02 1.35E+02 7.59E+01 4.12E+01 2.15E+01 1.09E+01 5.28E+00 2.48E+00 1.12E+00 4.91E-01 2.07E-01 8.43E-02 3.31E-02 1.26E-02 
   4.50  0.545  5.85E+04 8.59E+04 8.59E+04 2.74E+03 5.22E+03 7.22E+03 8.59E+03 9.28E+03 9.32E+03 8.81E+03 7.89E+03 6.74E+03 5.51E+03 4.31E+03 3.24E+03 2.34E+03 1.63E+03 1.09E+03 7.03E+02 4.37E+02 2.63E+02 1.52E+02 8.51E+01 4.60E+01 2.40E+01 1.21E+01 5.89E+00 2.77E+00 1.26E+00 5.55E-01 2.36E-01 9.71E-02 3.86E-02 
   4.75  0.545  9.24E+04 1.36E+05 1.36E+05 4.14E+03 7.91E+03 1.10E+04 1.31E+04 1.43E+04 1.45E+04 1.38E+04 1.25E+04 1.08E+04 8.94E+03 7.10E+03 5.43E+03 3.99E+03 2.83E+03 1.93E+03 1.28E+03 8.14E+02 5.01E+02 2.98E+02 1.72E+02 9.55E+01 5.14E+01 2.68E+01 1.35E+01 6.57E+00 3.10E+00 1.42E+00 6.27E-01 2.69E-01 1.11E-01 
   5.00  0.545  1.46E+05 2.15E+05 2.15E+05 6.28E+03 1.20E+04 1.67E+04 2.01E+04 2.20E+04 2.24E+04 2.16E+04 1.97E+04 1.72E+04 1.45E+04 1.16E+04 9.04E+03 6.76E+03 4.88E+03 3.40E+03 2.29E+03 1.49E+03 9.39E+02 5.73E+02 3.38E+02 1.93E+02 1.07E+02 5.74E+01 2.98E+01 1.50E+01 7.34E+00 3.47E+00 1.59E+00 7.08E-01 3.05E-01 
   5.50  0.545  4.15E+05 5.37E+05 5.37E+05 1.45E+04 2.78E+04 3.90E+04 4.72E+04 5.22E+04 5.39E+04 5.26E+04 4.90E+04 4.37E+04 3.74E+04 3.09E+04 2.46E+04 1.90E+04 1.41E+04 1.02E+04 7.10E+03 4.81E+03 3.15E+03 2.01E+03 1.24E+03 7.44E+02 4.33E+02 2.45E+02 1.34E+02 7.16E+01 3.71E+01 1.87E+01 9.13E+00 4.34E+00 2.00E+00 
   6.00  0.545  1.09E+06 1.34E+06 1.34E+06 3.36E+04 6.47E+04 9.11E+04 1.11E+05 1.24E+05 1.29E+05 1.28E+05 1.21E+05 1.10E+05 9.59E+04 8.08E+04 6.59E+04 5.20E+04 3.98E+04 2.95E+04 2.12E+04 1.49E+04 1.01E+04 6.67E+03 4.28E+03 2.67E+03 1.62E+03 9.60E+02 5.52E+02 3.09E+02 1.68E+02 8.93E+01 4.61E+01 2.32E+01 1.14E+01 
   6.50  0.545  2.77E+06 3.36E+06 3.36E+06 7.84E+04 1.51E+05 2.14E+05 2.63E+05 2.95E+05 3.11E+05 3.11E+05 2.98E+05 2.74E+05 2.44E+05 2.09E+05 1.74E+05 1.40E+05 1.10E+05 8.34E+04 6.17E+04 4.44E+04 3.11E+04 2.12E+04 1.41E+04 9.10E+03 5.74E+03 3.52E+03 2.11E+03 1.23E+03 7.01E+02 3.89E+02 2.11E+02 1.11E+02 5.74E+01 
   7.00  0.545  6.97E+06 8.40E+06 8.40E+06 1.84E+05 3.56E+05 5.05E+05 6.23E+05 7.05E+05 7.49E+05 7.57E+05 7.32E+05 6.83E+05 6.15E+05 5.36E+05 4.53E+05 3.72E+05 2.97E+05 2.31E+05 1.75E+05 1.29E+05 9.28E+04 6.50E+04 4.45E+04 2.97E+04 1.93E+04 1.23E+04 7.61E+03 4.61E+03 2.73E+03 1.58E+03 8.89E+02 4.90E+02 2.64E+02 
   7.50  0.545  1.75E+07 2.10E+07 2.10E+07 4.32E+05 8.38E+05 1.19E+06 1.48E+06 1.68E+06 1.80E+06 1.84E+06 1.80E+06 1.69E+06 1.54E+06 1.36E+06 1.17E+06 9.79E+05 7.96E+05 6.31E+05 4.87E+05 3.67E+05 2.70E+05 1.94E+05 1.36E+05 9.33E+04 6.25E+04 4.09E+04 2.62E+04 1.64E+04 1.00E+04 5.99E+03 3.51E+03 2.01E+03 1.12E+03 
   8.00  0.545  4.37E+07 5.25E+07 5.25E+07 1.02E+06 1.98E+06 2.83E+06 3.52E+06 4.03E+06 4.34E+06 4.46E+06 4.40E+06 4.19E+06 3.86E+06 3.46E+06 3.01E+06 2.55E+06 2.11E+06 1.70E+06 1.34E+06 1.03E+06 7.71E+05 5.66E+05 4.06E+05 2.85E+05 1.96E+05 1.32E+05 8.66E+04 5.57E+04 3.51E+04 2.17E+04 1.31E+04 7.75E+03 4.49E+03 
   8.50  0.545  1.09E+08 1.31E+08 1.31E+08 2.42E+06 4.70E+06 6.73E+06 8.41E+06 9.67E+06 1.05E+07 1.08E+07 1.08E+07 1.03E+07 9.63E+06 8.72E+06 7.68E+06 6.59E+06 5.53E+06 4.52E+06 3.62E+06 2.83E+06 2.16E+06 1.62E+06 1.19E+06 8.50E+05 5.97E+05 4.11E+05 2.77E+05 1.83E+05 1.18E+05 7.51E+04 4.67E+04 2.85E+04 1.70E+04 
   9.00  0.545  2.73E+08 3.28E+08 3.28E+08 5.74E+06 1.12E+07 1.60E+07 2.01E+07 2.32E+07 2.53E+07 2.63E+07 2.63E+07 2.55E+07 2.40E+07 2.19E+07 1.95E+07 1.69E+07 1.44E+07 1.19E+07 9.68E+06 7.69E+06 5.98E+06 4.55E+06 3.40E+06 2.48E+06 1.78E+06 1.25E+06 8.62E+05 5.83E+05 3.86E+05 2.51E+05 1.60E+05 1.00E+05 6.18E+04 
   9.50  0.545  6.84E+08 8.20E+08 8.20E+08 1.37E+07 2.67E+07 3.83E+07 4.82E+07 5.59E+07 6.11E+07 6.39E+07 6.44E+07 6.28E+07 5.95E+07 5.49E+07 4.93E+07 4.33E+07 3.72E+07 3.12E+07 2.57E+07 2.07E+07 1.63E+07 1.26E+07 9.58E+06 7.13E+06 5.20E+06 3.73E+06 2.62E+06 1.81E+06 1.23E+06 8.15E+05 5.33E+05 3.42E+05 2.15E+05 
  10.00  0.545  1.71E+09 2.05E+09 2.05E+09 3.26E+07 6.37E+07 9.18E+07 1.16E+08 1.35E+08 1.48E+08 1.55E+08 1.57E+08 1.55E+08 1.47E+08 1.37E+08 1.24E+08 1.10E+08 9.57E+07 8.13E+07 6.76E+07 5.51E+07 4.41E+07 3.46E+07 2.67E+07 2.01E+07 1.50E+07 1.09E+07 7.81E+06 5.49E+06 3.79E+06 2.58E+06 1.72E+06 1.13E+06 7.27E+05 
  11.00  0.545  1.45E+10 1.28E+10 1.28E+10 1.87E+08 3.65E+08 5.28E+08 6.69E+08 7.83E+08 8.67E+08 9.19E+08 9.41E+08 9.34E+08 9.03E+08 8.51E+08 7.85E+08 7.07E+08 6.25E+08 5.41E+08 4.60E+08 3.83E+08 3.14E+08 2.53E+08 2.00E+08 1.55E+08 1.19E+08 8.91E+07 6.59E+07 4.79E+07 3.43E+07 2.41E+07 1.67E+07 1.14E+07 7.64E+06 
  12.00  0.545  9.46E+10 8.01E+10 8.01E+10 1.08E+09 2.11E+09 3.06E+09 3.89E+09 4.58E+09 5.10E+09 5.45E+09 5.62E+09 5.64E+09 5.51E+09 5.26E+09 4.91E+09 4.49E+09 4.03E+09 3.55E+09 3.07E+09 2.61E+09 2.18E+09 1.79E+09 1.45E+09 1.15E+09 9.01E+08 6.94E+08 5.27E+08 3.94E+08 2.90E+08 2.11E+08 1.50E+08 1.06E+08 7.35E+07 
  13.00  0.545  5.95E+11 5.00E+11 5.00E+11 6.24E+09 1.23E+10 1.78E+10 2.27E+10 2.69E+10 3.01E+10 3.23E+10 3.36E+10 3.40E+10 3.35E+10 3.23E+10 3.05E+10 2.83E+10 2.57E+10 2.29E+10 2.01E+10 1.74E+10 1.48E+10 1.24E+10 1.02E+10 8.27E+09 6.61E+09 5.21E+09 4.05E+09 3.10E+09 2.34E+09 1.74E+09 1.28E+09 9.25E+08 6.61E+08 
  14.00  0.545  3.74E+12 3.14E+12 3.14E+12 3.66E+10 7.20E+10 1.05E+11 1.34E+11 1.59E+11 1.79E+11 1.94E+11 2.03E+11 2.06E+11 2.05E+11 1.99E+11 1.90E+11 1.78E+11 1.64E+11 1.48E+11 1.32E+11 1.15E+11 9.93E+10 8.44E+10 7.07E+10 5.84E+10 4.75E+10 3.82E+10 3.03E+10 2.37E+10 1.82E+10 1.39E+10 1.04E+10 7.74E+09 5.67E+09 
  15.00  0.545  2.35E+13 1.98E+13 1.98E+13 2.16E+11 4.24E+11 6.20E+11 7.95E+11 9.46E+11 1.07E+12 1.16E+12 1.22E+12 1.25E+12 1.25E+12 1.23E+12 1.18E+12 1.12E+12 1.04E+12 9.46E+11 8.51E+11 7.55E+11 6.59E+11 5.68E+11 4.83E+11 4.05E+11 3.35E+11 2.73E+11 2.20E+11 1.75E+11 1.38E+11 1.07E+11 8.21E+10 6.22E+10 4.65E+10 
  16.00  0.545  1.48E+14 1.24E+14 1.24E+14 1.28E+12 2.51E+12 3.67E+12 4.72E+12 5.64E+12 6.39E+12 6.97E+12 7.37E+12 7.60E+12 7.65E+12 7.55E+12 7.32E+12 6.97E+12 6.52E+12 6.02E+12 5.47E+12 4.90E+12 4.33E+12 3.78E+12 3.25E+12 2.76E+12 2.32E+12 1.92E+12 1.57E+12 1.27E+12 1.02E+12 8.02E+11 6.26E+11 4.83E+11 3.68E+11 
  17.00  0.545  9.28E+14 7.80E+14 7.80E+14 7.57E+12 1.49E+13 2.18E+13 2.81E+13 3.37E+13 3.83E+13 4.19E+13 4.45E+13 4.61E+13 4.67E+13 4.64E+13 4.52E+13 4.34E+13 4.09E+13 3.81E+13 3.49E+13 3.16E+13 2.82E+13 2.49E+13 2.16E+13 1.86E+13 1.58E+13 1.33E+13 1.10E+13 9.03E+12 7.32E+12 5.87E+12 4.66E+12 3.65E+12 2.83E+12 
  18.00  0.545  5.83E+15 4.90E+15 4.90E+15 4.50E+13 8.88E+13 1.30E+14 1.68E+14 2.02E+14 2.30E+14 2.53E+14 2.69E+14 2.80E+14 2.85E+14 2.85E+14 2.79E+14 2.69E+14 2.56E+14 2.40E+14 2.22E+14 2.02E+14 1.82E+14 1.62E+14 1.43E+14 1.24E+14 1.06E+14 9.04E+13 7.60E+13 6.31E+13 5.19E+13 4.22E+13 3.39E+13 2.70E+13 2.13E+13 
  19.00  0.545  3.66E+16 3.08E+16 3.08E+16 2.69E+14 5.30E+14 7.78E+14 1.01E+15 1.21E+15 1.38E+15 1.52E+15 1.63E+15 1.70E+15 1.74E+15 1.75E+15 1.72E+15 1.67E+15 1.60E+15 1.51E+15 1.40E+15 1.29E+15 1.17E+15 1.05E+15 9.33E+14 8.19E+14 7.10E+14 6.10E+14 5.18E+14 4.35E+14 3.62E+14 2.98E+14 2.43E+14 1.96E+14 1.56E+14 
  20.00  0.545  2.30E+17 1.93E+17 1.93E+17 1.60E+15 3.17E+15 4.66E+15 6.03E+15 7.26E+15 8.32E+15 9.19E+15 9.87E+15 1.03E+16 1.06E+16 1.07E+16 1.06E+16 1.03E+16 9.95E+15 9.45E+15 8.85E+15 8.20E+15 7.50E+15 6.78E+15 6.07E+15 5.37E+15 4.70E+15 4.07E+15 3.49E+15 2.96E+15 2.49E+15 2.07E+15 1.71E+15 1.40E+15 1.13E+15 
  22.50  0.545  4.78E+19 1.90E+19 1.90E+19 1.41E+17 2.80E+17 4.12E+17 5.35E+17 6.46E+17 7.44E+17 8.27E+17 8.94E+17 9.44E+17 9.77E+17 9.94E+17 9.95E+17 9.82E+17 9.56E+17 9.20E+17 8.74E+17 8.21E+17 7.63E+17 7.02E+17 6.39E+17 5.75E+17 5.14E+17 4.54E+17 3.98E+17 3.45E+17 2.97E+17 2.53E+17 2.14E+17 1.79E+17 1.48E+17 
  25.00  0.545  4.73E+21 1.87E+21 1.87E+21 1.26E+19 2.49E+19 3.67E+19 4.78E+19 5.80E+19 6.70E+19 7.49E+19 8.13E+19 8.64E+19 9.01E+19 9.23E+19 9.32E+19 9.28E+19 9.13E+19 8.87E+19 8.52E+19 8.10E+19 7.62E+19 7.10E+19 6.56E+19 6.00E+19 5.44E+19 4.88E+19 4.35E+19 3.84E+19 3.36E+19 2.92E+19 2.52E+19 2.15E+19 1.83E+19 
  30.00  0.545  9.03E+25 1.81E+25 1.81E+25 1.02E+23 2.02E+23 2.98E+23 3.90E+23 4.75E+23 5.53E+23 6.22E+23 6.81E+23 7.30E+23 7.69E+23 7.97E+23 8.15E+23 8.23E+23 8.21E+23 8.10E+23 7.92E+23 7.67E+23 7.35E+23 6.99E+23 6.59E+23 6.17E+23 5.72E+23 5.27E+23 4.81E+23 4.37E+23 3.93E+23 3.52E+23 3.12E+23 2.75E+23 2.41E+23 
