0
63.5959
156.0558
169.449
172.0848
182.7594
205.3539
207.849
230.9213
256.9316
287.131
290.6736
300.2094
316.937
325.8761
339.956
342.5947
353.5741
360.8959
362.731
372.0803
391.3
439.7623
446.348
462.0875
470.154
482.1429
483.5598
493.716
499.7402
511.72
516.247
523.0514
550.846
554.329
558.24
575.724
582.16
608.891
609.008
611.635
628.859
641.058
644.99
647.305
654.794
656.835
680.123
695.559
701.407
703.456
704.17
708.691
719.642
723.187
734.913
737.031
739.21
739.816
745.22
748.13
750.067
754.593
756.598
781.899
782.804
791.523
798.38
799.551
800.453
807.632
810.535
813
817.684
822.813
831.835
851.88
854.365
859.233
868.359
871.454
874.419
883.84
884.52
890.232
896.197
897.26
899.351
900.219
910.99
913.821
914.24
916.25
924.11
924.4
925.2
932.42
932.7
944.37
945.79
955.7
963.24
965.22
977.11
978.23
983.48
986.62
994.033
997.09
1000.38
1001.44
1002.491
1009.4
1011.2
1012.97
1013.41
1026.001
1026.23
1034.52
1035.38
1039.05
1049.16
1061.91
1063.34
1070.58
1075.61
1082.01
1083.64
1086.55
1088.555
1093.527
1097.23
1099.29
1106.27
1108.62
1117.11
1118.93
1122.1
1124.07
1137.42
1138.52
1143.74
1146.01
1146.2
1157.806
1165.63
1166.79
1183.05
1188.33
1204.75
1207.95
1208.85
1217.34
1218
1224.31
1226.52
1226.6
1232.29
1242.34
1247.11
1249.82
1252.74
1255.27
1258.12
1261.55
1301.27
1326.22
1341.83
1345.55
1433.19
1448.18
1464.4
1513.74
1557.45
1584.45
5871.65
