   0.25  0.192  1.18E+01 4.72E+01 4.72E+01 3.24E+00 8.44E+00 1.06E+01 9.81E+00 7.22E+00 4.40E+00 2.25E+00 9.78E-01 3.63E-01 1.16E-01 3.17E-02 7.50E-03 1.53E-03 2.70E-04 4.11E-05 5.43E-06 6.21E-07 6.15E-08 5.29E-09 3.94E-10 2.55E-11 1.43E-12 6.96E-14 2.94E-15 1.08E-16 3.44E-18 0.00E+00 0.00E+00 0.00E+00 0.00E+00 
   0.50  0.238  3.96E+01 1.11E+02 1.11E+02 5.85E+00 1.58E+01 2.12E+01 2.16E+01 1.81E+01 1.30E+01 8.08E+00 4.42E+00 2.13E+00 9.11E-01 3.46E-01 1.17E-01 3.54E-02 9.54E-03 2.30E-03 4.95E-04 9.56E-05 1.65E-05 2.55E-06 3.54E-07 4.40E-08 4.91E-09 4.90E-10 4.40E-11 3.54E-12 2.55E-13 1.65E-14 9.60E-16 5.01E-17 2.35E-18 
   0.75  0.302  9.51E+01 2.22E+02 2.22E+02 9.50E+00 2.61E+01 3.67E+01 3.96E+01 3.60E+01 2.86E+01 2.01E+01 1.27E+01 7.18E+00 3.69E+00 1.72E+00 7.26E-01 2.79E-01 9.80E-02 3.14E-02 9.16E-03 2.44E-03 5.96E-04 1.33E-04 2.71E-05 5.05E-06 8.61E-07 1.34E-07 1.92E-08 2.51E-09 3.01E-10 3.30E-11 3.32E-12 3.05E-13 2.57E-14 
   1.00  0.362  2.02E+02 4.28E+02 4.28E+02 1.54E+01 4.30E+01 6.20E+01 6.98E+01 6.71E+01 5.70E+01 4.36E+01 3.02E+01 1.91E+01 1.11E+01 5.95E+00 2.93E+00 1.33E+00 5.58E-01 2.17E-01 7.79E-02 2.59E-02 7.99E-03 2.28E-03 6.05E-04 1.49E-04 3.39E-05 7.16E-06 1.41E-06 2.56E-07 4.33E-08 6.80E-09 9.92E-10 1.34E-10 1.69E-11 
   1.25  0.380  4.07E+02 8.19E+02 8.19E+02 2.55E+01 7.18E+01 1.06E+02 1.22E+02 1.23E+02 1.09E+02 8.88E+01 6.61E+01 4.54E+01 2.88E+01 1.70E+01 9.36E+00 4.80E+00 2.29E+00 1.02E+00 4.28E-01 1.67E-01 6.10E-02 2.09E-02 6.69E-03 2.01E-03 5.64E-04 1.49E-04 3.67E-05 8.51E-06 1.85E-06 3.76E-07 7.19E-08 1.29E-08 2.17E-09 
   1.50  0.412  7.67E+02 1.44E+03 1.44E+03 3.94E+01 1.12E+02 1.67E+02 1.98E+02 2.04E+02 1.90E+02 1.61E+02 1.26E+02 9.21E+01 6.27E+01 3.99E+01 2.39E+01 1.34E+01 7.07E+00 3.51E+00 1.64E+00 7.24E-01 3.01E-01 1.18E-01 4.36E-02 1.52E-02 5.03E-03 1.56E-03 4.60E-04 1.28E-04 3.36E-05 8.33E-06 1.95E-06 4.33E-07 9.06E-08 
   1.75  0.453  1.36E+03 2.38E+03 2.38E+03 5.82E+01 1.66E+02 2.51E+02 3.03E+02 3.20E+02 3.06E+02 2.70E+02 2.20E+02 1.69E+02 1.21E+02 8.19E+01 5.22E+01 3.15E+01 1.79E+01 9.68E+00 4.95E+00 2.40E+00 1.10E+00 4.82E-01 2.00E-01 7.85E-02 2.93E-02 1.04E-02 3.51E-03 1.12E-03 3.43E-04 9.92E-05 2.73E-05 7.15E-06 1.78E-06 
   2.00  0.496  2.33E+03 3.89E+03 3.89E+03 8.57E+01 2.46E+02 3.75E+02 4.60E+02 4.95E+02 4.85E+02 4.39E+02 3.71E+02 2.95E+02 2.21E+02 1.57E+02 1.05E+02 6.73E+01 4.08E+01 2.36E+01 1.30E+01 6.78E+00 3.38E+00 1.61E+00 7.30E-01 3.16E-01 1.31E-01 5.15E-02 1.94E-02 6.97E-03 2.39E-03 7.84E-04 2.46E-04 7.35E-05 2.10E-05 
   2.25  0.506  3.93E+03 6.39E+03 6.39E+03 1.29E+02 3.70E+02 5.69E+02 7.06E+02 7.72E+02 7.71E+02 7.15E+02 6.22E+02 5.10E+02 3.96E+02 2.92E+02 2.05E+02 1.37E+02 8.76E+01 5.34E+01 3.11E+01 1.74E+01 9.26E+00 4.73E+00 2.31E+00 1.08E+00 4.86E-01 2.09E-01 8.61E-02 3.40E-02 1.29E-02 4.68E-03 1.63E-03 5.45E-04 1.75E-04 
   2.50  0.496  6.61E+03 1.07E+04 1.07E+04 1.98E+02 5.73E+02 8.87E+02 1.11E+03 1.23E+03 1.25E+03 1.18E+03 1.05E+03 8.86E+02 7.09E+02 5.40E+02 3.93E+02 2.74E+02 1.83E+02 1.17E+02 7.14E+01 4.20E+01 2.37E+01 1.28E+01 6.68E+00 3.34E+00 1.61E+00 7.43E-01 3.30E-01 1.41E-01 5.81E-02 2.30E-02 8.75E-03 3.21E-03 1.13E-03 
   2.75  0.455  1.16E+04 1.99E+04 1.99E+04 3.39E+02 9.84E+02 1.53E+03 1.93E+03 2.17E+03 2.23E+03 2.15E+03 1.95E+03 1.68E+03 1.38E+03 1.08E+03 8.10E+02 5.83E+02 4.03E+02 2.68E+02 1.71E+02 1.05E+02 6.22E+01 3.54E+01 1.94E+01 1.03E+01 5.25E+00 2.58E+00 1.22E+00 5.60E-01 2.47E-01 1.05E-01 4.31E-02 1.71E-02 6.54E-03 
   3.00  0.434  2.05E+04 3.58E+04 3.58E+04 5.69E+02 1.65E+03 2.58E+03 3.29E+03 3.72E+03 3.87E+03 3.78E+03 3.49E+03 3.06E+03 2.57E+03 2.06E+03 1.59E+03 1.18E+03 8.40E+02 5.77E+02 3.82E+02 2.44E+02 1.50E+02 8.95E+01 5.15E+01 2.86E+01 1.53E+01 7.94E+00 3.98E+00 1.93E+00 9.04E-01 4.10E-01 1.79E-01 7.61E-02 3.12E-02 
   3.25  0.569  3.32E+04 5.09E+04 5.09E+04 7.56E+02 2.20E+03 3.46E+03 4.42E+03 5.05E+03 5.31E+03 5.25E+03 4.92E+03 4.39E+03 3.75E+03 3.08E+03 2.43E+03 1.84E+03 1.35E+03 9.56E+02 6.53E+02 4.31E+02 2.75E+02 1.70E+02 1.02E+02 5.89E+01 3.30E+01 1.79E+01 9.43E+00 4.80E+00 2.37E+00 1.13E+00 5.26E-01 2.36E-01 1.03E-01 
   3.50  0.633  5.21E+04 7.54E+04 7.54E+04 1.05E+03 3.07E+03 4.84E+03 6.22E+03 7.16E+03 7.60E+03 7.60E+03 7.20E+03 6.53E+03 5.67E+03 4.74E+03 3.81E+03 2.96E+03 2.22E+03 1.61E+03 1.13E+03 7.70E+02 5.08E+02 3.24E+02 2.01E+02 1.21E+02 7.02E+01 3.97E+01 2.18E+01 1.16E+01 5.99E+00 3.01E+00 1.46E+00 6.93E-01 3.18E-01 
   3.75  0.670  8.17E+04 1.18E+05 1.18E+05 1.56E+03 4.55E+03 7.20E+03 9.31E+03 1.08E+04 1.15E+04 1.16E+04 1.12E+04 1.02E+04 9.03E+03 7.67E+03 6.28E+03 4.97E+03 3.81E+03 2.83E+03 2.04E+03 1.42E+03 9.63E+02 6.33E+02 4.04E+02 2.51E+02 1.51E+02 8.86E+01 5.04E+01 2.79E+01 1.50E+01 7.86E+00 4.00E+00 1.98E+00 9.55E-01 
   4.00  0.557  1.29E+05 1.87E+05 1.87E+05 2.33E+03 6.81E+03 1.08E+04 1.40E+04 1.63E+04 1.76E+04 1.79E+04 1.74E+04 1.61E+04 1.44E+04 1.24E+04 1.03E+04 8.33E+03 6.50E+03 4.93E+03 3.62E+03 2.59E+03 1.80E+03 1.21E+03 7.96E+02 5.08E+02 3.16E+02 1.91E+02 1.12E+02 6.44E+01 3.59E+01 1.95E+01 1.03E+01 5.33E+00 2.67E+00 
   4.25  0.545  2.03E+05 2.96E+05 2.96E+05 3.49E+03 1.02E+04 1.63E+04 2.12E+04 2.48E+04 2.69E+04 2.76E+04 2.70E+04 2.53E+04 2.29E+04 2.00E+04 1.69E+04 1.38E+04 1.10E+04 8.46E+03 6.34E+03 4.63E+03 3.28E+03 2.27E+03 1.53E+03 1.00E+03 6.38E+02 3.97E+02 2.41E+02 1.42E+02 8.20E+01 4.61E+01 2.53E+01 1.35E+01 7.04E+00 
   4.50  0.545  3.20E+05 4.69E+05 4.69E+05 5.25E+03 1.54E+04 2.45E+04 3.21E+04 3.77E+04 4.12E+04 4.26E+04 4.20E+04 3.97E+04 3.63E+04 3.20E+04 2.74E+04 2.27E+04 1.83E+04 1.44E+04 1.10E+04 8.15E+03 5.90E+03 4.16E+03 2.86E+03 1.92E+03 1.26E+03 8.02E+02 4.99E+02 3.04E+02 1.80E+02 1.04E+02 5.90E+01 3.26E+01 1.76E+01 
   4.75  0.545  5.05E+05 7.41E+05 7.41E+05 7.91E+03 2.32E+04 3.71E+04 4.87E+04 5.75E+04 6.31E+04 6.56E+04 6.52E+04 6.22E+04 5.74E+04 5.12E+04 4.43E+04 3.72E+04 3.04E+04 2.42E+04 1.88E+04 1.42E+04 1.05E+04 7.52E+03 5.27E+03 3.61E+03 2.42E+03 1.58E+03 1.01E+03 6.28E+02 3.83E+02 2.28E+02 1.33E+02 7.55E+01 4.20E+01 
   5.00  0.545  7.98E+05 1.17E+06 1.17E+06 1.20E+04 3.51E+04 5.62E+04 7.40E+04 8.77E+04 9.68E+04 1.01E+05 1.01E+05 9.73E+04 9.05E+04 8.15E+04 7.13E+04 6.06E+04 5.02E+04 4.05E+04 3.18E+04 2.44E+04 1.83E+04 1.34E+04 9.57E+03 6.68E+03 4.56E+03 3.04E+03 1.98E+03 1.27E+03 7.91E+02 4.83E+02 2.88E+02 1.69E+02 9.64E+01 
   5.50  0.545  2.26E+06 2.93E+06 2.93E+06 2.74E+04 8.08E+04 1.30E+05 1.72E+05 2.05E+05 2.28E+05 2.41E+05 2.43E+05 2.37E+05 2.24E+05 2.05E+05 1.83E+05 1.59E+05 1.34E+05 1.11E+05 8.94E+04 7.05E+04 5.44E+04 4.10E+04 3.02E+04 2.18E+04 1.54E+04 1.07E+04 7.25E+03 4.82E+03 3.14E+03 2.00E+03 1.25E+03 7.67E+02 4.61E+02 
   6.00  0.545  5.93E+06 7.33E+06 7.33E+06 6.34E+04 1.87E+05 3.01E+05 4.00E+05 4.80E+05 5.38E+05 5.73E+05 5.85E+05 5.77E+05 5.52E+05 5.13E+05 4.64E+05 4.10E+05 3.53E+05 2.98E+05 2.45E+05 1.98E+05 1.56E+05 1.21E+05 9.17E+04 6.81E+04 4.97E+04 3.55E+04 2.49E+04 1.71E+04 1.15E+04 7.64E+03 4.96E+03 3.17E+03 1.98E+03 
   6.50  0.545  1.51E+07 1.83E+07 1.83E+07 1.47E+05 4.35E+05 7.02E+05 9.36E+05 1.13E+06 1.27E+06 1.37E+06 1.41E+06 1.40E+06 1.36E+06 1.28E+06 1.17E+06 1.05E+06 9.18E+05 7.87E+05 6.61E+05 5.43E+05 4.38E+05 3.47E+05 2.69E+05 2.05E+05 1.53E+05 1.12E+05 8.11E+04 5.74E+04 4.00E+04 2.73E+04 1.83E+04 1.21E+04 7.85E+03 
   7.00  0.545  3.80E+07 4.58E+07 4.58E+07 3.44E+05 1.02E+06 1.64E+06 2.20E+06 2.66E+06 3.02E+06 3.26E+06 3.39E+06 3.40E+06 3.32E+06 3.16E+06 2.93E+06 2.66E+06 2.36E+06 2.06E+06 1.75E+06 1.47E+06 1.20E+06 9.71E+05 7.69E+05 5.98E+05 4.58E+05 3.44E+05 2.54E+05 1.85E+05 1.32E+05 9.27E+04 6.41E+04 4.36E+04 2.91E+04 
   7.50  0.545  9.53E+07 1.15E+08 1.15E+08 8.07E+05 2.39E+06 3.87E+06 5.19E+06 6.31E+06 7.18E+06 7.80E+06 8.15E+06 8.26E+06 8.13E+06 7.80E+06 7.31E+06 6.71E+06 6.03E+06 5.32E+06 4.60E+06 3.91E+06 3.26E+06 2.67E+06 2.15E+06 1.71E+06 1.33E+06 1.02E+06 7.71E+05 5.73E+05 4.19E+05 3.02E+05 2.14E+05 1.49E+05 1.03E+05 
   8.00  0.545  2.39E+08 2.86E+08 2.86E+08 1.90E+06 5.63E+06 9.13E+06 1.23E+07 1.50E+07 1.71E+07 1.87E+07 1.96E+07 2.00E+07 1.99E+07 1.92E+07 1.82E+07 1.68E+07 1.53E+07 1.37E+07 1.20E+07 1.03E+07 8.70E+06 7.24E+06 5.93E+06 4.78E+06 3.79E+06 2.96E+06 2.28E+06 1.73E+06 1.29E+06 9.48E+05 6.87E+05 4.91E+05 3.46E+05 
   8.50  0.545  5.97E+08 7.16E+08 7.16E+08 4.49E+06 1.33E+07 2.16E+07 2.91E+07 3.56E+07 4.09E+07 4.48E+07 4.74E+07 4.86E+07 4.85E+07 4.73E+07 4.51E+07 4.21E+07 3.87E+07 3.48E+07 3.08E+07 2.69E+07 2.30E+07 1.94E+07 1.61E+07 1.32E+07 1.06E+07 8.42E+06 6.59E+06 5.08E+06 3.86E+06 2.90E+06 2.14E+06 1.56E+06 1.12E+06 
   9.00  0.545  1.49E+09 1.79E+09 1.79E+09 1.06E+07 3.15E+07 5.13E+07 6.93E+07 8.50E+07 9.79E+07 1.08E+08 1.14E+08 1.18E+08 1.18E+08 1.16E+08 1.12E+08 1.05E+08 9.72E+07 8.84E+07 7.91E+07 6.96E+07 6.03E+07 5.14E+07 4.32E+07 3.58E+07 2.93E+07 2.36E+07 1.87E+07 1.47E+07 1.13E+07 8.65E+06 6.51E+06 4.83E+06 3.54E+06 
   9.50  0.545  3.73E+09 4.48E+09 4.48E+09 2.53E+07 7.50E+07 1.22E+08 1.65E+08 2.03E+08 2.35E+08 2.59E+08 2.76E+08 2.86E+08 2.89E+08 2.85E+08 2.76E+08 2.62E+08 2.44E+08 2.24E+08 2.02E+08 1.79E+08 1.57E+08 1.35E+08 1.15E+08 9.64E+07 7.97E+07 6.50E+07 5.24E+07 4.16E+07 3.26E+07 2.53E+07 1.93E+07 1.46E+07 1.09E+07 
  10.00  0.545  9.32E+09 1.12E+10 1.12E+10 6.02E+07 1.79E+08 2.91E+08 3.95E+08 4.86E+08 5.63E+08 6.24E+08 6.68E+08 6.94E+08 7.04E+08 6.99E+08 6.80E+08 6.49E+08 6.10E+08 5.63E+08 5.12E+08 4.59E+08 4.05E+08 3.53E+08 3.03E+08 2.57E+08 2.15E+08 1.77E+08 1.45E+08 1.16E+08 9.25E+07 7.26E+07 5.64E+07 4.32E+07 3.27E+07 
  11.00  0.545  7.92E+10 6.99E+10 6.99E+10 3.44E+08 1.02E+09 1.67E+09 2.27E+09 2.80E+09 3.26E+09 3.63E+09 3.91E+09 4.10E+09 4.19E+09 4.20E+09 4.13E+09 3.99E+09 3.79E+09 3.55E+09 3.27E+09 2.97E+09 2.67E+09 2.36E+09 2.07E+09 1.78E+09 1.52E+09 1.28E+09 1.07E+09 8.79E+08 7.15E+08 5.75E+08 4.58E+08 3.60E+08 2.80E+08 
  12.00  0.545  5.16E+11 4.37E+11 4.37E+11 1.98E+09 5.88E+09 9.62E+09 1.31E+10 1.62E+10 1.90E+10 2.12E+10 2.30E+10 2.43E+10 2.50E+10 2.52E+10 2.50E+10 2.44E+10 2.34E+10 2.21E+10 2.07E+10 1.90E+10 1.73E+10 1.55E+10 1.38E+10 1.21E+10 1.05E+10 8.99E+09 7.62E+09 6.39E+09 5.30E+09 4.35E+09 3.54E+09 2.85E+09 2.26E+09 
  13.00  0.545  3.24E+12 2.73E+12 2.73E+12 1.14E+10 3.40E+10 5.58E+10 7.61E+10 9.47E+10 1.11E+11 1.25E+11 1.36E+11 1.44E+11 1.49E+11 1.51E+11 1.51E+11 1.49E+11 1.44E+11 1.37E+11 1.30E+11 1.21E+11 1.11E+11 1.01E+11 9.05E+10 8.05E+10 7.08E+10 6.16E+10 5.30E+10 4.52E+10 3.81E+10 3.19E+10 2.64E+10 2.16E+10 1.75E+10 
  14.00  0.545  2.04E+13 1.71E+13 1.71E+13 6.70E+10 1.99E+11 3.27E+11 4.47E+11 5.57E+11 6.55E+11 7.39E+11 8.07E+11 8.59E+11 8.95E+11 9.15E+11 9.19E+11 9.10E+11 8.88E+11 8.55E+11 8.12E+11 7.63E+11 7.09E+11 6.51E+11 5.91E+11 5.32E+11 4.73E+11 4.17E+11 3.64E+11 3.14E+11 2.69E+11 2.28E+11 1.92E+11 1.60E+11 1.32E+11 
  15.00  0.545  1.28E+14 1.08E+14 1.08E+14 3.94E+11 1.17E+12 1.93E+12 2.64E+12 3.30E+12 3.88E+12 4.39E+12 4.81E+12 5.15E+12 5.39E+12 5.53E+12 5.59E+12 5.57E+12 5.47E+12 5.30E+12 5.08E+12 4.81E+12 4.50E+12 4.17E+12 3.83E+12 3.48E+12 3.13E+12 2.79E+12 2.46E+12 2.15E+12 1.86E+12 1.60E+12 1.36E+12 1.15E+12 9.65E+11 
  16.00  0.545  8.06E+14 6.77E+14 6.77E+14 2.33E+12 6.93E+12 1.14E+13 1.56E+13 1.95E+13 2.31E+13 2.62E+13 2.88E+13 3.09E+13 3.24E+13 3.35E+13 3.40E+13 3.40E+13 3.36E+13 3.28E+13 3.16E+13 3.01E+13 2.84E+13 2.66E+13 2.46E+13 2.25E+13 2.04E+13 1.84E+13 1.64E+13 1.45E+13 1.27E+13 1.10E+13 9.52E+12 8.14E+12 6.90E+12 
  17.00  0.545  5.06E+15 4.26E+15 4.26E+15 1.38E+13 4.11E+13 6.76E+13 9.28E+13 1.16E+14 1.38E+14 1.56E+14 1.72E+14 1.86E+14 1.96E+14 2.03E+14 2.07E+14 2.08E+14 2.06E+14 2.02E+14 1.96E+14 1.88E+14 1.79E+14 1.68E+14 1.57E+14 1.45E+14 1.33E+14 1.20E+14 1.08E+14 9.66E+13 8.55E+13 7.51E+13 6.54E+13 5.65E+13 4.85E+13 
  18.00  0.545  3.18E+16 2.67E+16 2.67E+16 8.19E+13 2.44E+14 4.02E+14 5.52E+14 6.93E+14 8.22E+14 9.36E+14 1.03E+15 1.12E+15 1.18E+15 1.23E+15 1.26E+15 1.27E+15 1.27E+15 1.25E+15 1.22E+15 1.17E+15 1.12E+15 1.06E+15 9.96E+14 9.26E+14 8.54E+14 7.81E+14 7.08E+14 6.37E+14 5.69E+14 5.04E+14 4.43E+14 3.87E+14 3.35E+14 
  19.00  0.545  2.00E+17 1.68E+17 1.68E+17 4.88E+14 1.45E+15 2.40E+15 3.30E+15 4.14E+15 4.92E+15 5.61E+15 6.22E+15 6.73E+15 7.13E+15 7.44E+15 7.64E+15 7.75E+15 7.76E+15 7.68E+15 7.52E+15 7.29E+15 7.01E+15 6.67E+15 6.30E+15 5.89E+15 5.47E+15 5.04E+15 4.60E+15 4.17E+15 3.75E+15 3.35E+15 2.97E+15 2.62E+15 2.29E+15 
  20.00  0.545  1.25E+18 1.05E+18 1.05E+18 2.91E+15 8.69E+15 1.43E+16 1.97E+16 2.48E+16 2.95E+16 3.37E+16 3.74E+16 4.06E+16 4.31E+16 4.51E+16 4.65E+16 4.73E+16 4.75E+16 4.72E+16 4.65E+16 4.53E+16 4.37E+16 4.18E+16 3.97E+16 3.73E+16 3.49E+16 3.23E+16 2.97E+16 2.71E+16 2.46E+16 2.21E+16 1.98E+16 1.75E+16 1.55E+16 
  22.50  0.545  2.61E+20 1.04E+20 1.04E+20 2.56E+17 7.64E+17 1.26E+18 1.74E+18 2.19E+18 2.62E+18 3.00E+18 3.34E+18 3.64E+18 3.90E+18 4.10E+18 4.25E+18 4.36E+18 4.41E+18 4.42E+18 4.39E+18 4.32E+18 4.21E+18 4.07E+18 3.91E+18 3.72E+18 3.52E+18 3.30E+18 3.08E+18 2.85E+18 2.62E+18 2.40E+18 2.18E+18 1.97E+18 1.76E+18 
  25.00  0.545  2.58E+22 1.02E+22 1.02E+22 2.27E+19 6.79E+19 1.12E+20 1.55E+20 1.96E+20 2.34E+20 2.69E+20 3.01E+20 3.29E+20 3.54E+20 3.74E+20 3.90E+20 4.02E+20 4.09E+20 4.13E+20 4.13E+20 4.09E+20 4.03E+20 3.93E+20 3.80E+20 3.66E+20 3.49E+20 3.32E+20 3.13E+20 2.93E+20 2.73E+20 2.52E+20 2.32E+20 2.12E+20 1.93E+20 
  30.00  0.545  4.93E+26 9.85E+25 9.85E+25 1.83E+23 5.48E+23 9.07E+23 1.26E+24 1.59E+24 1.91E+24 2.21E+24 2.48E+24 2.73E+24 2.95E+24 3.14E+24 3.30E+24 3.43E+24 3.53E+24 3.60E+24 3.64E+24 3.65E+24 3.63E+24 3.59E+24 3.52E+24 3.44E+24 3.34E+24 3.22E+24 3.08E+24 2.94E+24 2.79E+24 2.63E+24 2.47E+24 2.30E+24 2.14E+24 
