   0.25  0.195  1.18E+01 4.71E+01 4.71E+01 3.25E+00 8.48E+00 1.07E+01 9.80E+00 7.19E+00 4.35E+00 2.22E+00 9.56E-01 3.52E-01 1.11E-01 3.02E-02 7.06E-03 1.42E-03 2.47E-04 3.72E-05 4.84E-06 5.45E-07 5.31E-08 4.48E-09 3.27E-10 2.07E-11 1.14E-12 5.43E-14 2.24E-15 8.04E-17 2.50E-18 0.00E+00 0.00E+00 0.00E+00 0.00E+00 
   0.50  0.242  3.90E+01 1.09E+02 1.09E+02 6.27E+00 1.67E+01 2.21E+01 2.18E+01 1.76E+01 1.20E+01 7.02E+00 3.58E+00 1.59E+00 6.23E-01 2.14E-01 6.49E-02 1.74E-02 4.11E-03 8.62E-04 1.60E-04 2.63E-05 3.83E-06 4.95E-07 5.67E-08 5.77E-09 5.21E-10 4.18E-11 2.97E-12 1.88E-13 1.06E-14 5.28E-16 2.34E-17 0.00E+00 0.00E+00 
   0.75  0.309  9.26E+01 2.14E+02 2.14E+02 1.06E+01 2.87E+01 3.92E+01 4.06E+01 3.50E+01 2.60E+01 1.69E+01 9.66E+00 4.92E+00 2.24E+00 9.11E-01 3.32E-01 1.09E-01 3.21E-02 8.51E-03 2.03E-03 4.37E-04 8.48E-05 1.48E-05 2.34E-06 3.34E-07 4.30E-08 4.99E-09 5.23E-10 4.96E-11 4.25E-12 3.28E-13 2.29E-14 1.45E-15 8.27E-17 
   1.00  0.371  1.94E+02 4.06E+02 4.06E+02 1.75E+01 4.82E+01 6.74E+01 7.26E+01 6.58E+01 5.20E+01 3.64E+01 2.28E+01 1.28E+01 6.54E+00 3.02E+00 1.26E+00 4.82E-01 1.67E-01 5.29E-02 1.53E-02 4.02E-03 9.66E-04 2.12E-04 4.25E-05 7.80E-06 1.31E-06 2.00E-07 2.81E-08 3.60E-09 4.22E-10 4.53E-11 4.45E-12 3.99E-13 3.29E-14 
   1.25  0.391  3.85E+02 7.62E+02 7.62E+02 2.93E+01 8.13E+01 1.16E+02 1.29E+02 1.21E+02 1.01E+02 7.47E+01 5.01E+01 3.05E+01 1.70E+01 8.64E+00 4.03E+00 1.73E+00 6.81E-01 2.47E-01 8.25E-02 2.54E-02 7.20E-03 1.89E-03 4.55E-04 1.01E-04 2.09E-05 3.97E-06 6.96E-07 1.13E-07 1.69E-08 2.34E-09 2.99E-10 3.53E-11 3.86E-12 
   1.50  0.425  7.13E+02 1.32E+03 1.32E+03 4.55E+01 1.27E+02 1.84E+02 2.09E+02 2.04E+02 1.76E+02 1.37E+02 9.68E+01 6.28E+01 3.75E+01 2.06E+01 1.05E+01 4.93E+00 2.15E+00 8.71E-01 3.27E-01 1.14E-01 3.69E-02 1.11E-02 3.12E-03 8.12E-04 1.97E-04 4.44E-05 9.33E-06 1.82E-06 3.32E-07 5.63E-08 8.89E-09 1.31E-09 1.79E-10 
   1.75  0.469  1.25E+03 2.14E+03 2.14E+03 6.72E+01 1.89E+02 2.78E+02 3.22E+02 3.21E+02 2.86E+02 2.31E+02 1.71E+02 1.17E+02 7.38E+01 4.33E+01 2.36E+01 1.20E+01 5.68E+00 2.51E+00 1.04E+00 4.01E-01 1.45E-01 4.90E-02 1.55E-02 4.59E-03 1.27E-03 3.30E-04 8.03E-05 1.83E-05 3.90E-06 7.81E-07 1.46E-07 2.58E-08 4.24E-09 
   2.00  0.514  2.10E+03 3.43E+03 3.43E+03 9.87E+01 2.79E+02 4.15E+02 4.88E+02 4.97E+02 4.55E+02 3.79E+02 2.91E+02 2.08E+02 1.38E+02 8.51E+01 4.92E+01 2.67E+01 1.35E+01 6.45E+00 2.89E+00 1.21E+00 4.80E-01 1.78E-01 6.24E-02 2.05E-02 6.36E-03 1.86E-03 5.10E-04 1.32E-04 3.22E-05 7.40E-06 1.60E-06 3.27E-07 6.28E-08 
   2.25  0.525  3.49E+03 5.53E+03 5.53E+03 1.47E+02 4.19E+02 6.27E+02 7.47E+02 7.75E+02 7.25E+02 6.21E+02 4.93E+02 3.64E+02 2.51E+02 1.62E+02 9.87E+01 5.64E+01 3.04E+01 1.54E+01 7.37E+00 3.33E+00 1.42E+00 5.73E-01 2.18E-01 7.86E-02 2.68E-02 8.62E-03 2.63E-03 7.57E-04 2.07E-04 5.33E-05 1.30E-05 3.01E-06 6.60E-07 
   2.50  0.514  5.77E+03 9.13E+03 9.13E+03 2.25E+02 6.44E+02 9.71E+02 1.17E+03 1.23E+03 1.18E+03 1.03E+03 8.41E+02 6.40E+02 4.57E+02 3.07E+02 1.95E+02 1.17E+02 6.60E+01 3.53E+01 1.79E+01 8.61E+00 3.92E+00 1.69E+00 6.94E-01 2.70E-01 9.96E-02 3.49E-02 1.16E-02 3.67E-03 1.10E-03 3.15E-04 8.53E-05 2.20E-05 5.38E-06 
   2.75  0.471  9.91E+03 1.66E+04 1.66E+04 3.82E+02 1.09E+03 1.66E+03 2.03E+03 2.16E+03 2.10E+03 1.88E+03 1.56E+03 1.22E+03 9.00E+02 6.26E+02 4.11E+02 2.56E+02 1.51E+02 8.50E+01 4.53E+01 2.30E+01 1.11E+01 5.07E+00 2.22E+00 9.21E-01 3.65E-01 1.37E-01 4.94E-02 1.69E-02 5.52E-03 1.72E-03 5.09E-04 1.44E-04 3.88E-05 
   3.00  0.448  1.72E+04 2.93E+04 2.93E+04 6.34E+02 1.82E+03 2.78E+03 3.42E+03 3.69E+03 3.63E+03 3.31E+03 2.81E+03 2.25E+03 1.70E+03 1.22E+03 8.27E+02 5.34E+02 3.27E+02 1.91E+02 1.07E+02 5.66E+01 2.86E+01 1.38E+01 6.39E+00 2.81E+00 1.18E+00 4.76E-01 1.83E-01 6.72E-02 2.36E-02 7.91E-03 2.54E-03 7.79E-04 2.28E-04 
   3.25  0.598  2.75E+04 4.10E+04 4.10E+04 8.34E+02 2.40E+03 3.69E+03 4.57E+03 4.99E+03 4.97E+03 4.59E+03 3.98E+03 3.25E+03 2.51E+03 1.85E+03 1.29E+03 8.58E+02 5.44E+02 3.30E+02 1.91E+02 1.06E+02 5.58E+01 2.83E+01 1.37E+01 6.35E+00 2.82E+00 1.20E+00 4.89E-01 1.91E-01 7.15E-02 2.57E-02 8.82E-03 2.91E-03 9.19E-04 
   3.50  0.717  4.15E+04 5.60E+04 5.60E+04 1.08E+03 3.11E+03 4.80E+03 5.98E+03 6.59E+03 6.64E+03 6.22E+03 5.48E+03 4.56E+03 3.60E+03 2.70E+03 1.94E+03 1.32E+03 8.65E+02 5.41E+02 3.24E+02 1.86E+02 1.02E+02 5.39E+01 2.73E+01 1.32E+01 6.17E+00 2.76E+00 1.19E+00 4.89E-01 1.94E-01 7.38E-02 2.70E-02 9.48E-03 3.20E-03 
   3.75  0.749  6.30E+04 8.60E+04 8.60E+04 1.57E+03 4.53E+03 7.02E+03 8.81E+03 9.78E+03 9.95E+03 9.45E+03 8.44E+03 7.13E+03 5.74E+03 4.40E+03 3.22E+03 2.26E+03 1.51E+03 9.75E+02 6.02E+02 3.57E+02 2.03E+02 1.11E+02 5.85E+01 2.96E+01 1.44E+01 6.73E+00 3.03E+00 1.31E+00 5.47E-01 2.20E-01 8.48E-02 3.16E-02 1.13E-02 
   4.00  0.616  9.70E+04 1.36E+05 1.36E+05 2.35E+03 6.82E+03 1.06E+04 1.34E+04 1.50E+04 1.54E+04 1.47E+04 1.33E+04 1.15E+04 9.36E+03 7.31E+03 5.46E+03 3.91E+03 2.69E+03 1.78E+03 1.13E+03 6.88E+02 4.04E+02 2.29E+02 1.24E+02 6.53E+01 3.30E+01 1.61E+01 7.55E+00 3.42E+00 1.49E+00 6.28E-01 2.55E-01 9.99E-02 3.77E-02 
   4.25  0.545  1.51E+05 2.15E+05 2.15E+05 3.55E+03 1.03E+04 1.61E+04 2.03E+04 2.29E+04 2.37E+04 2.30E+04 2.11E+04 1.83E+04 1.52E+04 1.21E+04 9.18E+03 6.71E+03 4.71E+03 3.18E+03 2.07E+03 1.30E+03 7.85E+02 4.57E+02 2.57E+02 1.39E+02 7.30E+01 3.69E+01 1.80E+01 8.47E+00 3.86E+00 1.70E+00 7.20E-01 2.95E-01 1.17E-01 
   4.50  0.545  2.36E+05 3.40E+05 3.40E+05 5.35E+03 1.56E+04 2.43E+04 3.10E+04 3.51E+04 3.67E+04 3.58E+04 3.32E+04 2.92E+04 2.45E+04 1.98E+04 1.53E+04 1.14E+04 8.16E+03 5.63E+03 3.75E+03 2.41E+03 1.49E+03 8.93E+02 5.17E+02 2.89E+02 1.56E+02 8.15E+01 4.12E+01 2.01E+01 9.51E+00 4.35E+00 1.92E+00 8.23E-01 3.41E-01 
   4.75  0.545  3.70E+05 5.38E+05 5.38E+05 8.10E+03 2.36E+04 3.70E+04 4.73E+04 5.39E+04 5.66E+04 5.58E+04 5.21E+04 4.64E+04 3.95E+04 3.23E+04 2.54E+04 1.92E+04 1.40E+04 9.84E+03 6.69E+03 4.39E+03 2.79E+03 1.71E+03 1.02E+03 5.84E+02 3.25E+02 1.75E+02 9.11E+01 4.60E+01 2.25E+01 1.07E+01 4.89E+00 2.18E+00 9.38E-01 
   5.00  0.545  5.83E+05 8.51E+05 8.51E+05 1.23E+04 3.58E+04 5.63E+04 7.22E+04 8.27E+04 8.74E+04 8.69E+04 8.18E+04 7.36E+04 6.34E+04 5.24E+04 4.18E+04 3.21E+04 2.38E+04 1.70E+04 1.18E+04 7.90E+03 5.12E+03 3.22E+03 1.96E+03 1.15E+03 6.58E+02 3.64E+02 1.96E+02 1.02E+02 5.14E+01 2.52E+01 1.20E+01 5.51E+00 2.46E+00 
   5.50  0.545  1.65E+06 2.13E+06 2.13E+06 2.83E+04 8.27E+04 1.31E+05 1.69E+05 1.95E+05 2.09E+05 2.10E+05 2.01E+05 1.84E+05 1.62E+05 1.37E+05 1.12E+05 8.82E+04 6.73E+04 4.97E+04 3.56E+04 2.47E+04 1.66E+04 1.09E+04 6.90E+03 4.25E+03 2.55E+03 1.48E+03 8.36E+02 4.59E+02 2.45E+02 1.27E+02 6.42E+01 3.15E+01 1.50E+01 
   6.00  0.545  4.31E+06 5.32E+06 5.32E+06 6.58E+04 1.93E+05 3.05E+05 3.97E+05 4.62E+05 4.99E+05 5.08E+05 4.93E+05 4.58E+05 4.09E+05 3.53E+05 2.94E+05 2.38E+05 1.86E+05 1.41E+05 1.04E+05 7.44E+04 5.18E+04 3.50E+04 2.31E+04 1.48E+04 9.19E+03 5.58E+03 3.29E+03 1.89E+03 1.06E+03 5.78E+02 3.07E+02 1.59E+02 8.01E+01 
   6.50  0.545  1.10E+07 1.33E+07 1.33E+07 1.54E+05 4.50E+05 7.16E+05 9.35E+05 1.10E+06 1.19E+06 1.23E+06 1.20E+06 1.13E+06 1.03E+06 9.03E+05 7.67E+05 6.31E+05 5.05E+05 3.92E+05 2.96E+05 2.18E+05 1.56E+05 1.09E+05 7.37E+04 4.88E+04 3.15E+04 1.98E+04 1.21E+04 7.26E+03 4.24E+03 2.41E+03 1.34E+03 7.27E+02 3.84E+02 
   7.00  0.545  2.76E+07 3.33E+07 3.33E+07 3.60E+05 1.06E+06 1.69E+06 2.21E+06 2.61E+06 2.86E+06 2.97E+06 2.94E+06 2.80E+06 2.58E+06 2.29E+06 1.98E+06 1.66E+06 1.35E+06 1.07E+06 8.26E+05 6.21E+05 4.56E+05 3.26E+05 2.28E+05 1.55E+05 1.03E+05 6.69E+04 4.25E+04 2.63E+04 1.59E+04 9.41E+03 5.43E+03 3.07E+03 1.69E+03 
   7.50  0.545  6.92E+07 8.32E+07 8.32E+07 8.47E+05 2.49E+06 3.98E+06 5.25E+06 6.22E+06 6.86E+06 7.17E+06 7.17E+06 6.90E+06 6.42E+06 5.79E+06 5.06E+06 4.31E+06 3.57E+06 2.88E+06 2.27E+06 1.74E+06 1.30E+06 9.55E+05 6.83E+05 4.77E+05 3.26E+05 2.18E+05 1.42E+05 9.08E+04 5.67E+04 3.47E+04 2.07E+04 1.21E+04 6.95E+03 
   8.00  0.545  1.73E+08 2.08E+08 2.08E+08 2.00E+06 5.89E+06 9.44E+06 1.25E+07 1.48E+07 1.65E+07 1.73E+07 1.75E+07 1.70E+07 1.60E+07 1.45E+07 1.29E+07 1.11E+07 9.34E+06 7.66E+06 6.13E+06 4.80E+06 3.66E+06 2.74E+06 2.00E+06 1.43E+06 1.00E+06 6.85E+05 4.59E+05 3.02E+05 1.94E+05 1.22E+05 7.52E+04 4.55E+04 2.69E+04 
   8.50  0.545  4.33E+08 5.20E+08 5.20E+08 4.74E+06 1.40E+07 2.24E+07 2.97E+07 3.55E+07 3.96E+07 4.20E+07 4.26E+07 4.17E+07 3.96E+07 3.64E+07 3.26E+07 2.85E+07 2.43E+07 2.02E+07 1.64E+07 1.30E+07 1.01E+07 7.72E+06 5.75E+06 4.19E+06 3.00E+06 2.10E+06 1.44E+06 9.69E+05 6.39E+05 4.13E+05 2.62E+05 1.63E+05 9.91E+04 
   9.00  0.545  1.08E+09 1.30E+09 1.30E+09 1.13E+07 3.32E+07 5.34E+07 7.10E+07 8.51E+07 9.54E+07 1.02E+08 1.04E+08 1.02E+08 9.79E+07 9.10E+07 8.24E+07 7.27E+07 6.27E+07 5.28E+07 4.35E+07 3.51E+07 2.77E+07 2.14E+07 1.62E+07 1.21E+07 8.80E+06 6.28E+06 4.40E+06 3.03E+06 2.04E+06 1.35E+06 8.78E+05 5.60E+05 3.51E+05 
   9.50  0.545  2.71E+09 3.25E+09 3.25E+09 2.68E+07 7.91E+07 1.27E+08 1.70E+08 2.04E+08 2.30E+08 2.46E+08 2.53E+08 2.51E+08 2.42E+08 2.27E+08 2.07E+08 1.85E+08 1.61E+08 1.37E+08 1.14E+08 9.35E+07 7.49E+07 5.88E+07 4.53E+07 3.42E+07 2.54E+07 1.84E+07 1.32E+07 9.24E+06 6.36E+06 4.30E+06 2.86E+06 1.87E+06 1.20E+06 
  10.00  0.545  6.77E+09 8.12E+09 8.12E+09 6.39E+07 1.89E+08 3.05E+08 4.07E+08 4.91E+08 5.55E+08 5.97E+08 6.17E+08 6.16E+08 5.97E+08 5.64E+08 5.19E+08 4.67E+08 4.11E+08 3.54E+08 2.99E+08 2.47E+08 2.00E+08 1.60E+08 1.25E+08 9.56E+07 7.20E+07 5.32E+07 3.87E+07 2.76E+07 1.94E+07 1.34E+07 9.07E+06 6.04E+06 3.96E+06 
  11.00  0.545  5.75E+10 5.08E+10 5.08E+10 3.66E+08 1.08E+09 1.75E+09 2.35E+09 2.85E+09 3.24E+09 3.51E+09 3.66E+09 3.70E+09 3.63E+09 3.47E+09 3.24E+09 2.97E+09 2.65E+09 2.33E+09 2.00E+09 1.69E+09 1.40E+09 1.14E+09 9.17E+08 7.22E+08 5.59E+08 4.26E+08 3.19E+08 2.35E+08 1.70E+08 1.22E+08 8.54E+07 5.91E+07 4.02E+07 
  12.00  0.545  3.75E+11 3.17E+11 3.17E+11 2.11E+09 6.25E+09 1.01E+10 1.36E+10 1.66E+10 1.90E+10 2.07E+10 2.18E+10 2.22E+10 2.20E+10 2.13E+10 2.01E+10 1.87E+10 1.69E+10 1.51E+10 1.32E+10 1.14E+10 9.60E+09 7.98E+09 6.53E+09 5.26E+09 4.17E+09 3.25E+09 2.50E+09 1.89E+09 1.41E+09 1.04E+09 7.50E+08 5.35E+08 3.76E+08 
  13.00  0.545  2.36E+12 1.98E+12 1.98E+12 1.22E+10 3.63E+10 5.90E+10 7.96E+10 9.74E+10 1.12E+11 1.23E+11 1.30E+11 1.33E+11 1.33E+11 1.30E+11 1.24E+11 1.17E+11 1.07E+11 9.68E+10 8.59E+10 7.50E+10 6.44E+10 5.45E+10 4.54E+10 3.73E+10 3.01E+10 2.40E+10 1.89E+10 1.46E+10 1.12E+10 8.40E+09 6.24E+09 4.57E+09 3.30E+09 
  14.00  0.545  1.48E+13 1.25E+13 1.25E+13 7.19E+10 2.13E+11 3.47E+11 4.69E+11 5.76E+11 6.65E+11 7.33E+11 7.80E+11 8.06E+11 8.12E+11 7.99E+11 7.71E+11 7.29E+11 6.78E+11 6.19E+11 5.56E+11 4.92E+11 4.29E+11 3.68E+11 3.12E+11 2.60E+11 2.14E+11 1.74E+11 1.39E+11 1.10E+11 8.56E+10 6.59E+10 5.00E+10 3.75E+10 2.78E+10 
  15.00  0.545  9.31E+13 7.83E+13 7.83E+13 4.23E+11 1.26E+12 2.05E+12 2.78E+12 3.42E+12 3.96E+12 4.38E+12 4.69E+12 4.87E+12 4.94E+12 4.90E+12 4.76E+12 4.55E+12 4.27E+12 3.94E+12 3.58E+12 3.20E+12 2.82E+12 2.46E+12 2.11E+12 1.78E+12 1.49E+12 1.23E+12 1.00E+12 8.04E+11 6.38E+11 5.00E+11 3.88E+11 2.97E+11 2.24E+11 
  16.00  0.545  5.85E+14 4.92E+14 4.92E+14 2.50E+12 7.44E+12 1.21E+13 1.65E+13 2.04E+13 2.36E+13 2.63E+13 2.82E+13 2.95E+13 3.01E+13 3.00E+13 2.94E+13 2.83E+13 2.67E+13 2.49E+13 2.28E+13 2.07E+13 1.84E+13 1.62E+13 1.41E+13 1.21E+13 1.02E+13 8.54E+12 7.05E+12 5.76E+12 4.64E+12 3.70E+12 2.92E+12 2.27E+12 1.75E+12 
  17.00  0.545  3.67E+15 3.09E+15 3.09E+15 1.49E+13 4.42E+13 7.22E+13 9.82E+13 1.21E+14 1.41E+14 1.58E+14 1.70E+14 1.79E+14 1.83E+14 1.84E+14 1.81E+14 1.75E+14 1.67E+14 1.57E+14 1.45E+14 1.32E+14 1.19E+14 1.06E+14 9.30E+13 8.06E+13 6.91E+13 5.85E+13 4.89E+13 4.05E+13 3.31E+13 2.68E+13 2.14E+13 1.70E+13 1.33E+13 
  18.00  0.545  2.31E+16 1.94E+16 1.94E+16 8.84E+13 2.63E+14 4.30E+14 5.86E+14 7.26E+14 8.48E+14 9.49E+14 1.03E+15 1.08E+15 1.11E+15 1.12E+15 1.11E+15 1.08E+15 1.04E+15 9.84E+14 9.17E+14 8.44E+14 7.66E+14 6.87E+14 6.09E+14 5.34E+14 4.62E+14 3.96E+14 3.35E+14 2.81E+14 2.32E+14 1.91E+14 1.55E+14 1.24E+14 9.86E+13 
  19.00  0.545  1.45E+17 1.22E+17 1.22E+17 5.27E+14 1.57E+15 2.57E+15 3.50E+15 4.35E+15 5.09E+15 5.71E+15 6.20E+15 6.56E+15 6.78E+15 6.87E+15 6.84E+15 6.70E+15 6.47E+15 6.15E+15 5.78E+15 5.35E+15 4.90E+15 4.43E+15 3.96E+15 3.50E+15 3.06E+15 2.65E+15 2.27E+15 1.92E+15 1.61E+15 1.33E+15 1.10E+15 8.91E+14 7.17E+14 
  20.00  0.545  9.09E+17 7.65E+17 7.65E+17 3.15E+15 9.38E+15 1.54E+16 2.10E+16 2.61E+16 3.06E+16 3.45E+16 3.75E+16 3.98E+16 4.13E+16 4.20E+16 4.20E+16 4.14E+16 4.02E+16 3.84E+16 3.63E+16 3.39E+16 3.12E+16 2.84E+16 2.56E+16 2.28E+16 2.01E+16 1.76E+16 1.52E+16 1.30E+16 1.10E+16 9.22E+15 7.66E+15 6.30E+15 5.13E+15 
  22.50  0.545  1.89E+20 7.54E+19 7.54E+19 2.78E+17 8.27E+17 1.36E+18 1.86E+18 2.32E+18 2.73E+18 3.09E+18 3.39E+18 3.62E+18 3.79E+18 3.89E+18 3.92E+18 3.90E+18 3.83E+18 3.71E+18 3.55E+18 3.36E+18 3.14E+18 2.91E+18 2.67E+18 2.42E+18 2.17E+18 1.93E+18 1.70E+18 1.49E+18 1.29E+18 1.11E+18 9.40E+17 7.92E+17 6.62E+17 
  25.00  0.545  1.87E+22 7.42E+21 7.42E+21 2.47E+19 7.36E+19 1.21E+20 1.66E+20 2.08E+20 2.46E+20 2.79E+20 3.07E+20 3.30E+20 3.48E+20 3.59E+20 3.66E+20 3.67E+20 3.64E+20 3.56E+20 3.44E+20 3.29E+20 3.12E+20 2.92E+20 2.71E+20 2.50E+20 2.28E+20 2.06E+20 1.84E+20 1.64E+20 1.44E+20 1.26E+20 1.09E+20 9.40E+19 8.02E+19 
  30.00  0.545  3.58E+26 7.15E+25 7.15E+25 2.00E+23 5.96E+23 9.82E+23 1.35E+24 1.70E+24 2.02E+24 2.31E+24 2.56E+24 2.78E+24 2.95E+24 3.09E+24 3.18E+24 3.23E+24 3.24E+24 3.22E+24 3.17E+24 3.08E+24 2.97E+24 2.84E+24 2.69E+24 2.53E+24 2.36E+24 2.19E+24 2.01E+24 1.83E+24 1.66E+24 1.49E+24 1.33E+24 1.18E+24 1.04E+24 
