7.111605 7.192546 7.165704 7.193396 7.206805 7.234765 7.289730 7.324634 
7.196596 7.233484 7.263896 7.272741 7.315299 7.328453 7.398356 7.414511 
7.167202 7.170212 7.194500 7.246569 7.281545 7.310820 7.404717 7.386424 
6.975718 7.024869 7.028252 7.083781 7.097859 7.149961 7.109659 7.200620 
6.946819 6.993517 7.026957 7.047295 7.076151 7.125504 7.137700 7.212225 
7.077223 7.074586 7.076942 7.114307 7.216790 7.194236 7.274630 7.322052 
6.844764 6.917340 6.968574 6.951104 6.978344 7.055593 7.086233 7.071235 
7.211216 7.235998 7.203439 7.283856 7.286341 7.409412 7.397140 7.457746 

4.174376 4.115991 4.250831 4.033260 4.026550 3.997319 4.011394 4.084808 
4.140244 4.111594 4.056781 4.093695 4.015456 4.255210 3.950774 4.006675 
4.129231 4.015426 4.043565 3.838776 3.963493 3.956289 4.024921 3.758659 
3.771913 3.919281 3.988218 3.884565 3.932603 3.829781 3.818998 3.726999 
4.036192 3.964160 3.976061 3.964429 4.055050 3.911323 3.893128 3.770282 
3.929877 3.990988 3.949096 3.956825 3.742416 3.770388 3.780629 4.003623 
4.352694 4.177390 4.226649 4.255136 4.049544 3.981681 3.991627 4.063438 
3.916964 3.903497 3.876270 4.039508 3.855534 3.954378 3.781481 3.845792


1 1 1 1 1 1

5	5	5	5	5	5	5
5	5	5	5	5	5	5
5	5	5	5	5	5	5
5	5	5	5	5	5	5
5 5 5 5

-1066.479620 -1195.256762 -1164.769548 -1224.911270 -1257.231552 -1303.654110 -1381.537586 -1407.424071 
-881.297781 -924.458773 -999.578147 -1050.192690 -1125.757568 -1150.923314 -1258.121331 -1253.684091 
-1336.875680 -1356.590457 -1398.399848 -1474.783926 -1526.231480 -1576.240511 -1718.244841 -1685.035131 
-1270.234277 -1360.722425 -1377.324427 -1474.954013 -1504.357234 -1596.318047 -1551.434260 -1687.376864 
-1107.128125 -1174.929501 -1219.177687 -1253.739359 -1291.318665 -1381.880786 -1408.777086 -1495.838971 
-1367.888002 -1371.035662 -1405.282905 -1474.752397 -1627.979248 -1604.964863 -1724.996075 -1780.707526 
-903.979748 -1011.532404 -1086.660327 -1081.699982 -1129.665508 -1248.341800 -1301.811781 -1273.422644 
-1264.462740 -1287.621907 -1256.127670 -1375.963385 -1378.816815 -1555.193464 -1547.639706 -1622.252054
  

-24.089351 -26.947203 -47.955389 -17.417918 -15.092193 -20.721400 -13.302870 -21.590756 
-41.203575 -39.475943 -34.997105 -26.249855 -23.556561 -54.837608 5.908771 -27.789510 
-34.630406 -26.165100 -29.234317 -7.773120 -3.289071 -26.299861 -20.096267 10.294242 
-19.851988 -59.037547 -12.435197 -24.429838 -5.102510 -41.054889 -10.403212 -7.654215 
-322.759255 -264.762862 -210.655368 -187.140298 -213.822227 -298.758164 -241.905519 -257.623781 
-341.748398 -294.517111 -336.559570 -243.625448 -343.251053 -199.761282 -263.978672 -216.679629 
-332.695616 -419.962831 -543.683187 -409.732714 -334.578176 -298.509147 -352.127334 -277.410445 
-329.753375 -274.911043 -383.453733 -343.429968 -355.566525 -330.279274 -389.287641 -283.017158    


0 0 0 0 0 0

0	0	0	0	0	0	0
0	0	0	0	0	0	0
0	0	0	0	0	0	0
0	0	0	0	0	0	0
0 0 0 0

0 0 0 0 0 0

0	0	0	0	0	0	0
0	0	0	0	0	0	0
0	0	0	0	0	0	0
0	0	0	0	0	0	0
0 0 0 0

1 1 1 1 1 1
						
1	1	1	1	1	1	1
1	1	1	1	1	1	1
1	1	1	1	1	1	1
1	1	1	1	1	1	1
1 1 1 1
