   0.25  0.194  1.18E+01 4.72E+01 4.72E+01 3.25E+00 8.47E+00 1.07E+01 9.81E+00 7.20E+00 4.37E+00 2.23E+00 9.64E-01 3.56E-01 1.13E-01 3.07E-02 7.20E-03 1.46E-03 2.55E-04 3.85E-05 5.03E-06 5.69E-07 5.58E-08 4.73E-09 3.48E-10 2.22E-11 1.23E-12 5.90E-14 2.46E-15 8.87E-17 2.78E-18 0.00E+00 0.00E+00 0.00E+00 0.00E+00 
   0.50  0.241  3.92E+01 1.09E+02 1.09E+02 6.11E+00 1.64E+01 2.17E+01 2.17E+01 1.77E+01 1.23E+01 7.37E+00 3.85E+00 1.76E+00 7.11E-01 2.53E-01 7.98E-02 2.23E-02 5.53E-03 1.22E-03 2.38E-04 4.14E-05 6.40E-06 8.82E-07 1.08E-07 1.18E-08 1.15E-09 9.96E-11 7.69E-12 5.29E-13 3.25E-14 1.78E-15 8.68E-17 3.78E-18 0.00E+00 
   0.75  0.308  9.31E+01 2.16E+02 2.16E+02 1.01E+01 2.76E+01 3.81E+01 4.01E+01 3.53E+01 2.68E+01 1.79E+01 1.06E+01 5.63E+00 2.68E+00 1.14E+00 4.41E-01 1.53E-01 4.81E-02 1.37E-02 3.51E-03 8.18E-04 1.73E-04 3.30E-05 5.72E-06 8.99E-07 1.28E-07 1.66E-08 1.95E-09 2.08E-10 2.01E-11 1.77E-12 1.41E-13 1.02E-14 6.73E-16 
   1.00  0.369  1.96E+02 4.10E+02 4.10E+02 1.66E+01 4.59E+01 6.49E+01 7.11E+01 6.59E+01 5.35E+01 3.87E+01 2.52E+01 1.48E+01 7.94E+00 3.87E+00 1.72E+00 7.01E-01 2.61E-01 8.93E-02 2.80E-02 8.04E-03 2.12E-03 5.14E-04 1.14E-04 2.34E-05 4.40E-06 7.61E-07 1.21E-07 1.77E-08 2.38E-09 2.95E-10 3.36E-11 3.52E-12 3.40E-13 
   1.25  0.389  3.89E+02 7.73E+02 7.73E+02 2.75E+01 7.69E+01 1.11E+02 1.25E+02 1.21E+02 1.03E+02 7.91E+01 5.52E+01 3.52E+01 2.06E+01 1.11E+01 5.52E+00 2.53E+00 1.07E+00 4.22E-01 1.53E-01 5.17E-02 1.62E-02 4.68E-03 1.26E-03 3.15E-04 7.30E-05 1.57E-05 3.14E-06 5.84E-07 1.01E-07 1.62E-08 2.41E-09 3.34E-10 4.29E-11 
   1.50  0.422  7.24E+02 1.34E+03 1.34E+03 4.26E+01 1.20E+02 1.76E+02 2.03E+02 2.02E+02 1.79E+02 1.44E+02 1.06E+02 7.21E+01 4.52E+01 2.63E+01 1.43E+01 7.19E+00 3.37E+00 1.48E+00 6.04E-01 2.31E-01 8.24E-02 2.75E-02 8.57E-03 2.50E-03 6.83E-04 1.75E-04 4.18E-05 9.36E-06 1.96E-06 3.86E-07 7.10E-08 1.22E-08 1.98E-09 
   1.75  0.466  1.27E+03 2.18E+03 2.18E+03 6.27E+01 1.77E+02 2.64E+02 3.10E+02 3.16E+02 2.90E+02 2.42E+02 1.86E+02 1.33E+02 8.84E+01 5.48E+01 3.18E+01 1.73E+01 8.80E+00 4.21E+00 1.89E+00 7.98E-01 3.17E-01 1.18E-01 4.16E-02 1.38E-02 4.29E-03 1.26E-03 3.48E-04 9.06E-05 2.22E-05 5.14E-06 1.12E-06 2.30E-07 4.46E-08 
   2.00  0.510  2.15E+03 3.51E+03 3.51E+03 9.18E+01 2.61E+02 3.92E+02 4.69E+02 4.88E+02 4.58E+02 3.95E+02 3.15E+02 2.35E+02 1.63E+02 1.07E+02 6.54E+01 3.78E+01 2.06E+01 1.06E+01 5.14E+00 2.36E+00 1.02E+00 4.18E-01 1.62E-01 5.95E-02 2.07E-02 6.79E-03 2.11E-03 6.23E-04 1.74E-04 4.60E-05 1.15E-05 2.73E-06 6.14E-07 
   2.25  0.521  3.57E+03 5.69E+03 5.69E+03 1.37E+02 3.91E+02 5.91E+02 7.16E+02 7.59E+02 7.28E+02 6.44E+02 5.30E+02 4.08E+02 2.95E+02 2.01E+02 1.29E+02 7.88E+01 4.54E+01 2.48E+01 1.28E+01 6.30E+00 2.94E+00 1.30E+00 5.48E-01 2.19E-01 8.32E-02 3.01E-02 1.03E-02 3.38E-03 1.05E-03 3.11E-04 8.74E-05 2.34E-05 5.96E-06 
   2.50  0.511  5.93E+03 9.42E+03 9.42E+03 2.09E+02 6.00E+02 9.15E+02 1.12E+03 1.20E+03 1.18E+03 1.06E+03 8.98E+02 7.12E+02 5.32E+02 3.76E+02 2.52E+02 1.60E+02 9.69E+01 5.57E+01 3.05E+01 1.59E+01 7.87E+00 3.72E+00 1.68E+00 7.23E-01 2.97E-01 1.16E-01 4.34E-02 1.55E-02 5.28E-03 1.72E-03 5.33E-04 1.58E-04 4.48E-05 
   2.75  0.467  1.02E+04 1.72E+04 1.72E+04 3.55E+02 1.02E+03 1.57E+03 1.94E+03 2.11E+03 2.09E+03 1.93E+03 1.66E+03 1.35E+03 1.04E+03 7.59E+02 5.26E+02 3.47E+02 2.19E+02 1.31E+02 7.53E+01 4.12E+01 2.16E+01 1.08E+01 5.17E+00 2.37E+00 1.04E+00 4.36E-01 1.75E-01 6.74E-02 2.49E-02 8.77E-03 2.97E-03 9.61E-04 2.98E-04 
   3.00  0.445  1.78E+04 3.05E+04 3.05E+04 5.88E+02 1.70E+03 2.62E+03 3.26E+03 3.59E+03 3.62E+03 3.39E+03 2.98E+03 2.47E+03 1.95E+03 1.46E+03 1.05E+03 7.13E+02 4.65E+02 2.90E+02 1.73E+02 9.92E+01 5.44E+01 2.86E+01 1.44E+01 6.98E+00 3.24E+00 1.44E+00 6.18E-01 2.54E-01 1.00E-01 3.79E-02 1.38E-02 4.83E-03 1.62E-03 
   3.25  0.592  2.85E+04 4.28E+04 4.28E+04 7.75E+02 2.24E+03 3.47E+03 4.36E+03 4.85E+03 4.94E+03 4.69E+03 4.19E+03 3.55E+03 2.86E+03 2.20E+03 1.61E+03 1.13E+03 7.61E+02 4.91E+02 3.04E+02 1.81E+02 1.03E+02 5.67E+01 2.99E+01 1.52E+01 7.41E+00 3.48E+00 1.57E+00 6.85E-01 2.87E-01 1.16E-01 4.49E-02 1.68E-02 6.05E-03 
   3.50  0.685  4.36E+04 6.03E+04 6.03E+04 1.03E+03 2.98E+03 4.64E+03 5.87E+03 6.58E+03 6.77E+03 6.51E+03 5.91E+03 5.09E+03 4.18E+03 3.28E+03 2.46E+03 1.77E+03 1.23E+03 8.15E+02 5.21E+02 3.20E+02 1.90E+02 1.08E+02 5.94E+01 3.15E+01 1.61E+01 7.90E+00 3.75E+00 1.72E+00 7.58E-01 3.23E-01 1.33E-01 5.27E-02 2.02E-02 
   3.75  0.717  6.70E+04 9.35E+04 9.35E+04 1.51E+03 4.38E+03 6.84E+03 8.69E+03 9.82E+03 1.02E+04 9.93E+03 9.13E+03 7.98E+03 6.67E+03 5.33E+03 4.09E+03 3.01E+03 2.13E+03 1.46E+03 9.57E+02 6.06E+02 3.71E+02 2.19E+02 1.25E+02 6.85E+01 3.63E+01 1.86E+01 9.24E+00 4.43E+00 2.05E+00 9.17E-01 3.96E-01 1.66E-01 6.70E-02 
   4.00  0.589  1.04E+05 1.48E+05 1.48E+05 2.26E+03 6.58E+03 1.03E+04 1.32E+04 1.50E+04 1.57E+04 1.54E+04 1.44E+04 1.27E+04 1.08E+04 8.77E+03 6.85E+03 5.15E+03 3.73E+03 2.61E+03 1.76E+03 1.14E+03 7.19E+02 4.37E+02 2.57E+02 1.46E+02 8.05E+01 4.28E+01 2.21E+01 1.10E+01 5.31E+00 2.48E+00 1.12E+00 4.93E-01 2.09E-01 
   4.25  0.545  1.62E+05 2.34E+05 2.34E+05 3.40E+03 9.91E+03 1.56E+04 2.00E+04 2.29E+04 2.41E+04 2.39E+04 2.25E+04 2.02E+04 1.74E+04 1.43E+04 1.14E+04 8.71E+03 6.44E+03 4.59E+03 3.17E+03 2.11E+03 1.36E+03 8.53E+02 5.16E+02 3.03E+02 1.72E+02 9.46E+01 5.05E+01 2.61E+01 1.31E+01 6.37E+00 3.00E+00 1.37E+00 6.10E-01 
   4.50  0.545  2.55E+05 3.70E+05 3.70E+05 5.13E+03 1.50E+04 2.36E+04 3.04E+04 3.49E+04 3.71E+04 3.71E+04 3.53E+04 3.20E+04 2.78E+04 2.33E+04 1.88E+04 1.46E+04 1.10E+04 8.00E+03 5.63E+03 3.84E+03 2.54E+03 1.63E+03 1.01E+03 6.09E+02 3.56E+02 2.02E+02 1.11E+02 5.95E+01 3.09E+01 1.56E+01 7.62E+00 3.62E+00 1.67E+00 
   4.75  0.545  4.01E+05 5.85E+05 5.85E+05 7.74E+03 2.26E+04 3.57E+04 4.62E+04 5.34E+04 5.72E+04 5.76E+04 5.52E+04 5.06E+04 4.45E+04 3.77E+04 3.08E+04 2.44E+04 1.86E+04 1.38E+04 9.89E+03 6.88E+03 4.65E+03 3.04E+03 1.94E+03 1.20E+03 7.18E+02 4.19E+02 2.37E+02 1.31E+02 7.01E+01 3.65E+01 1.85E+01 9.10E+00 4.36E+00 
   5.00  0.545  6.32E+05 9.24E+05 9.24E+05 1.17E+04 3.43E+04 5.43E+04 7.04E+04 8.18E+04 8.80E+04 8.93E+04 8.62E+04 7.97E+04 7.09E+04 6.08E+04 5.03E+04 4.03E+04 3.13E+04 2.35E+04 1.72E+04 1.22E+04 8.38E+03 5.60E+03 3.64E+03 2.30E+03 1.42E+03 8.47E+02 4.93E+02 2.79E+02 1.54E+02 8.25E+01 4.31E+01 2.19E+01 1.09E+01 
   5.50  0.545  1.79E+06 2.31E+06 2.31E+06 2.70E+04 7.91E+04 1.26E+05 1.64E+05 1.92E+05 2.09E+05 2.15E+05 2.10E+05 1.97E+05 1.79E+05 1.56E+05 1.32E+05 1.09E+05 8.65E+04 6.70E+04 5.04E+04 3.69E+04 2.63E+04 1.82E+04 1.23E+04 8.10E+03 5.20E+03 3.25E+03 1.98E+03 1.18E+03 6.82E+02 3.86E+02 2.13E+02 1.14E+02 6.01E+01 
   6.00  0.545  4.68E+06 5.78E+06 5.78E+06 6.25E+04 1.84E+05 2.93E+05 3.84E+05 4.53E+05 4.97E+05 5.15E+05 5.11E+05 4.87E+05 4.48E+05 3.98E+05 3.44E+05 2.88E+05 2.35E+05 1.86E+05 1.44E+05 1.08E+05 7.92E+04 5.67E+04 3.96E+04 2.69E+04 1.79E+04 1.16E+04 7.38E+03 4.57E+03 2.77E+03 1.64E+03 9.45E+02 5.34E+02 2.94E+02 
   6.50  0.545  1.19E+07 1.45E+07 1.45E+07 1.46E+05 4.28E+05 6.86E+05 9.03E+05 1.07E+06 1.18E+06 1.24E+06 1.24E+06 1.20E+06 1.11E+06 1.01E+06 8.83E+05 7.53E+05 6.25E+05 5.06E+05 4.00E+05 3.08E+05 2.32E+05 1.70E+05 1.22E+05 8.58E+04 5.88E+04 3.95E+04 2.59E+04 1.66E+04 1.04E+04 6.42E+03 3.86E+03 2.27E+03 1.31E+03 
   7.00  0.545  3.00E+07 3.61E+07 3.61E+07 3.41E+05 1.00E+06 1.61E+06 2.13E+06 2.54E+06 2.82E+06 2.98E+06 3.01E+06 2.93E+06 2.77E+06 2.53E+06 2.25E+06 1.95E+06 1.65E+06 1.36E+06 1.09E+06 8.59E+05 6.61E+05 4.97E+05 3.66E+05 2.63E+05 1.86E+05 1.28E+05 8.67E+04 5.74E+04 3.72E+04 2.37E+04 1.47E+04 8.99E+03 5.38E+03 
   7.50  0.545  7.52E+07 9.04E+07 9.04E+07 8.01E+05 2.36E+06 3.80E+06 5.04E+06 6.04E+06 6.75E+06 7.17E+06 7.31E+06 7.18E+06 6.84E+06 6.33E+06 5.70E+06 5.01E+06 4.29E+06 3.60E+06 2.94E+06 2.36E+06 1.85E+06 1.42E+06 1.07E+06 7.86E+05 5.68E+05 4.02E+05 2.79E+05 1.90E+05 1.27E+05 8.29E+04 5.33E+04 3.36E+04 2.07E+04 
   8.00  0.545  1.88E+08 2.26E+08 2.26E+08 1.89E+06 5.58E+06 8.99E+06 1.20E+07 1.44E+07 1.62E+07 1.73E+07 1.77E+07 1.76E+07 1.69E+07 1.58E+07 1.44E+07 1.28E+07 1.11E+07 9.43E+06 7.84E+06 6.38E+06 5.09E+06 3.98E+06 3.05E+06 2.29E+06 1.69E+06 1.22E+06 8.69E+05 6.06E+05 4.15E+05 2.79E+05 1.84E+05 1.19E+05 7.59E+04 
   8.50  0.545  4.71E+08 5.65E+08 5.65E+08 4.47E+06 1.32E+07 2.13E+07 2.85E+07 3.43E+07 3.88E+07 4.17E+07 4.30E+07 4.29E+07 4.16E+07 3.92E+07 3.61E+07 3.24E+07 2.85E+07 2.45E+07 2.07E+07 1.71E+07 1.38E+07 1.10E+07 8.56E+06 6.55E+06 4.93E+06 3.64E+06 2.64E+06 1.88E+06 1.32E+06 9.05E+05 6.12E+05 4.07E+05 2.66E+05 
   9.00  0.545  1.18E+09 1.41E+09 1.41E+09 1.06E+07 3.14E+07 5.07E+07 6.79E+07 8.22E+07 9.31E+07 1.01E+08 1.04E+08 1.05E+08 1.02E+08 9.74E+07 9.04E+07 8.20E+07 7.28E+07 6.33E+07 5.40E+07 4.52E+07 3.71E+07 2.99E+07 2.37E+07 1.84E+07 1.41E+07 1.06E+07 7.82E+06 5.68E+06 4.06E+06 2.85E+06 1.97E+06 1.34E+06 8.97E+05 
   9.50  0.545  2.94E+09 3.53E+09 3.53E+09 2.52E+07 7.46E+07 1.21E+08 1.62E+08 1.97E+08 2.24E+08 2.43E+08 2.54E+08 2.56E+08 2.52E+08 2.41E+08 2.26E+08 2.06E+08 1.85E+08 1.63E+08 1.40E+08 1.19E+08 9.87E+07 8.06E+07 6.48E+07 5.11E+07 3.97E+07 3.03E+07 2.28E+07 1.68E+07 1.22E+07 8.77E+06 6.18E+06 4.29E+06 2.93E+06 
  10.00  0.545  7.36E+09 8.83E+09 8.83E+09 6.02E+07 1.78E+08 2.89E+08 3.88E+08 4.72E+08 5.39E+08 5.87E+08 6.16E+08 6.26E+08 6.18E+08 5.96E+08 5.62E+08 5.18E+08 4.69E+08 4.16E+08 3.62E+08 3.10E+08 2.61E+08 2.15E+08 1.75E+08 1.40E+08 1.10E+08 8.55E+07 6.52E+07 4.90E+07 3.62E+07 2.64E+07 1.89E+07 1.34E+07 9.32E+06 
  11.00  0.545  6.25E+10 5.52E+10 5.52E+10 3.44E+08 1.02E+09 1.66E+09 2.24E+09 2.73E+09 3.14E+09 3.44E+09 3.64E+09 3.73E+09 3.73E+09 3.63E+09 3.47E+09 3.25E+09 2.98E+09 2.69E+09 2.38E+09 2.07E+09 1.78E+09 1.50E+09 1.25E+09 1.02E+09 8.24E+08 6.55E+08 5.13E+08 3.96E+08 3.02E+08 2.27E+08 1.68E+08 1.23E+08 8.82E+07 
  12.00  0.545  4.07E+11 3.45E+11 3.45E+11 1.98E+09 5.88E+09 9.58E+09 1.30E+10 1.59E+10 1.83E+10 2.02E+10 2.15E+10 2.23E+10 2.24E+10 2.21E+10 2.13E+10 2.02E+10 1.88E+10 1.71E+10 1.54E+10 1.36E+10 1.19E+10 1.02E+10 8.65E+09 7.23E+09 5.95E+09 4.83E+09 3.87E+09 3.06E+09 2.39E+09 1.84E+09 1.40E+09 1.05E+09 7.77E+08 
  13.00  0.545  2.56E+12 2.15E+12 2.15E+12 1.15E+10 3.41E+10 5.56E+10 7.54E+10 9.29E+10 1.08E+11 1.19E+11 1.28E+11 1.33E+11 1.35E+11 1.34E+11 1.31E+11 1.25E+11 1.17E+11 1.08E+11 9.87E+10 8.86E+10 7.83E+10 6.83E+10 5.88E+10 4.99E+10 4.18E+10 3.46E+10 2.82E+10 2.28E+10 1.81E+10 1.43E+10 1.11E+10 8.53E+09 6.48E+09 
  14.00  0.545  1.61E+13 1.35E+13 1.35E+13 6.74E+10 2.00E+11 3.27E+11 4.44E+11 5.49E+11 6.38E+11 7.10E+11 7.64E+11 8.00E+11 8.17E+11 8.17E+11 8.02E+11 7.74E+11 7.34E+11 6.86E+11 6.31E+11 5.73E+11 5.13E+11 4.53E+11 3.95E+11 3.40E+11 2.90E+11 2.43E+11 2.02E+11 1.66E+11 1.35E+11 1.08E+11 8.55E+10 6.70E+10 5.20E+10 
  15.00  0.545  1.01E+14 8.50E+13 8.50E+13 3.97E+11 1.18E+12 1.93E+12 2.62E+12 3.25E+12 3.79E+12 4.24E+12 4.58E+12 4.82E+12 4.95E+12 4.98E+12 4.92E+12 4.79E+12 4.58E+12 4.31E+12 4.01E+12 3.68E+12 3.33E+12 2.97E+12 2.62E+12 2.29E+12 1.97E+12 1.68E+12 1.42E+12 1.18E+12 9.72E+11 7.93E+11 6.39E+11 5.10E+11 4.03E+11 
  16.00  0.545  6.35E+14 5.34E+14 5.34E+14 2.34E+12 6.97E+12 1.14E+13 1.56E+13 1.93E+13 2.26E+13 2.53E+13 2.75E+13 2.90E+13 3.00E+13 3.04E+13 3.02E+13 2.95E+13 2.85E+13 2.70E+13 2.53E+13 2.34E+13 2.14E+13 1.93E+13 1.72E+13 1.52E+13 1.33E+13 1.14E+13 9.76E+12 8.24E+12 6.88E+12 5.69E+12 4.66E+12 3.78E+12 3.03E+12 
  17.00  0.545  3.99E+15 3.36E+15 3.36E+15 1.39E+13 4.13E+13 6.78E+13 9.26E+13 1.15E+14 1.35E+14 1.52E+14 1.65E+14 1.75E+14 1.82E+14 1.85E+14 1.85E+14 1.82E+14 1.76E+14 1.69E+14 1.59E+14 1.49E+14 1.37E+14 1.25E+14 1.12E+14 9.99E+13 8.81E+13 7.68E+13 6.63E+13 5.66E+13 4.79E+13 4.01E+13 3.33E+13 2.74E+13 2.23E+13 
  18.00  0.545  2.51E+16 2.11E+16 2.11E+16 8.26E+13 2.46E+14 4.04E+14 5.52E+14 6.88E+14 8.08E+14 9.11E+14 9.95E+14 1.06E+15 1.10E+15 1.13E+15 1.13E+15 1.12E+15 1.09E+15 1.05E+15 9.99E+14 9.38E+14 8.70E+14 7.99E+14 7.25E+14 6.52E+14 5.80E+14 5.11E+14 4.45E+14 3.84E+14 3.29E+14 2.79E+14 2.34E+14 1.95E+14 1.60E+14 
  19.00  0.545  1.57E+17 1.32E+17 1.32E+17 4.93E+14 1.47E+15 2.41E+15 3.30E+15 4.12E+15 4.85E+15 5.48E+15 6.00E+15 6.40E+15 6.69E+15 6.87E+15 6.93E+15 6.89E+15 6.75E+15 6.53E+15 6.24E+15 5.90E+15 5.51E+15 5.10E+15 4.66E+15 4.22E+15 3.79E+15 3.36E+15 2.96E+15 2.58E+15 2.23E+15 1.91E+15 1.62E+15 1.36E+15 1.14E+15 
  20.00  0.545  9.88E+17 8.31E+17 8.31E+17 2.94E+15 8.77E+15 1.44E+16 1.97E+16 2.47E+16 2.91E+16 3.30E+16 3.62E+16 3.88E+16 4.06E+16 4.18E+16 4.24E+16 4.23E+16 4.17E+16 4.05E+16 3.90E+16 3.70E+16 3.48E+16 3.24E+16 2.98E+16 2.72E+16 2.46E+16 2.20E+16 1.95E+16 1.72E+16 1.50E+16 1.29E+16 1.11E+16 9.42E+15 7.93E+15 
  22.50  0.545  2.06E+20 8.19E+19 8.19E+19 2.59E+17 7.72E+17 1.27E+18 1.75E+18 2.19E+18 2.59E+18 2.95E+18 3.25E+18 3.51E+18 3.70E+18 3.84E+18 3.92E+18 3.95E+18 3.93E+18 3.86E+18 3.76E+18 3.61E+18 3.44E+18 3.25E+18 3.03E+18 2.81E+18 2.58E+18 2.35E+18 2.12E+18 1.90E+18 1.69E+18 1.49E+18 1.30E+18 1.13E+18 9.72E+17 
  25.00  0.545  2.04E+22 8.06E+21 8.06E+21 2.30E+19 6.87E+19 1.13E+20 1.56E+20 1.96E+20 2.32E+20 2.65E+20 2.94E+20 3.19E+20 3.38E+20 3.53E+20 3.63E+20 3.68E+20 3.69E+20 3.66E+20 3.59E+20 3.49E+20 3.36E+20 3.20E+20 3.03E+20 2.84E+20 2.64E+20 2.44E+20 2.23E+20 2.03E+20 1.83E+20 1.64E+20 1.46E+20 1.29E+20 1.13E+20 
  30.00  0.545  3.89E+26 7.77E+25 7.77E+25 1.86E+23 5.56E+23 9.17E+23 1.27E+24 1.60E+24 1.90E+24 2.19E+24 2.44E+24 2.66E+24 2.85E+24 3.00E+24 3.12E+24 3.20E+24 3.25E+24 3.26E+24 3.25E+24 3.20E+24 3.13E+24 3.03E+24 2.92E+24 2.79E+24 2.65E+24 2.49E+24 2.33E+24 2.17E+24 2.00E+24 1.83E+24 1.67E+24 1.52E+24 1.37E+24 
