   0.25  0.193  1.17E+01 4.67E+01 4.67E+01 3.22E+00 8.39E+00 1.06E+01 9.71E+00 7.13E+00 4.33E+00 2.21E+00 9.54E-01 3.53E-01 1.12E-01 3.04E-02 7.13E-03 1.44E-03 2.52E-04 3.81E-05 4.98E-06 5.64E-07 5.52E-08 4.69E-09 3.45E-10 2.20E-11 1.22E-12 5.84E-14 2.43E-15 8.79E-17 2.76E-18 0.00E+00 0.00E+00 0.00E+00 0.00E+00 
   0.50  0.240  3.89E+01 1.09E+02 1.09E+02 6.08E+00 1.63E+01 2.16E+01 2.16E+01 1.76E+01 1.22E+01 7.33E+00 3.83E+00 1.75E+00 7.08E-01 2.52E-01 7.94E-02 2.22E-02 5.50E-03 1.21E-03 2.37E-04 4.12E-05 6.37E-06 8.77E-07 1.08E-07 1.17E-08 1.14E-09 9.91E-11 7.65E-12 5.27E-13 3.23E-14 1.77E-15 8.63E-17 3.76E-18 0.00E+00 
   0.75  0.306  9.29E+01 2.16E+02 2.16E+02 1.01E+01 2.76E+01 3.81E+01 4.01E+01 3.53E+01 2.68E+01 1.79E+01 1.06E+01 5.63E+00 2.68E+00 1.14E+00 4.41E-01 1.53E-01 4.81E-02 1.37E-02 3.51E-03 8.18E-04 1.73E-04 3.30E-05 5.72E-06 8.99E-07 1.28E-07 1.66E-08 1.95E-09 2.08E-10 2.01E-11 1.77E-12 1.41E-13 1.02E-14 6.73E-16 
   1.00  0.367  1.96E+02 4.12E+02 4.12E+02 1.67E+01 4.61E+01 6.53E+01 7.15E+01 6.63E+01 5.38E+01 3.89E+01 2.53E+01 1.49E+01 7.98E+00 3.89E+00 1.73E+00 7.05E-01 2.63E-01 8.98E-02 2.81E-02 8.08E-03 2.13E-03 5.17E-04 1.15E-04 2.35E-05 4.43E-06 7.66E-07 1.22E-07 1.78E-08 2.40E-09 2.97E-10 3.38E-11 3.54E-12 3.41E-13 
   1.25  0.386  3.91E+02 7.81E+02 7.81E+02 2.78E+01 7.77E+01 1.12E+02 1.27E+02 1.22E+02 1.04E+02 8.00E+01 5.58E+01 3.56E+01 2.08E+01 1.12E+01 5.57E+00 2.56E+00 1.08E+00 4.26E-01 1.55E-01 5.22E-02 1.63E-02 4.73E-03 1.27E-03 3.18E-04 7.37E-05 1.59E-05 3.17E-06 5.90E-07 1.02E-07 1.63E-08 2.43E-09 3.37E-10 4.34E-11 
   1.50  0.419  7.31E+02 1.36E+03 1.36E+03 4.32E+01 1.22E+02 1.78E+02 2.06E+02 2.05E+02 1.82E+02 1.46E+02 1.08E+02 7.32E+01 4.59E+01 2.68E+01 1.45E+01 7.30E+00 3.43E+00 1.50E+00 6.14E-01 2.34E-01 8.36E-02 2.79E-02 8.71E-03 2.54E-03 6.94E-04 1.77E-04 4.24E-05 9.51E-06 1.99E-06 3.92E-07 7.21E-08 1.24E-08 2.01E-09 
   1.75  0.461  1.29E+03 2.23E+03 2.23E+03 6.40E+01 1.81E+02 2.69E+02 3.17E+02 3.23E+02 2.96E+02 2.47E+02 1.90E+02 1.36E+02 9.02E+01 5.59E+01 3.24E+01 1.76E+01 8.98E+00 4.29E+00 1.93E+00 8.14E-01 3.23E-01 1.21E-01 4.25E-02 1.40E-02 4.38E-03 1.28E-03 3.55E-04 9.24E-05 2.27E-05 5.25E-06 1.14E-06 2.35E-07 4.55E-08 
   2.00  0.505  2.19E+03 3.60E+03 3.60E+03 9.42E+01 2.68E+02 4.02E+02 4.81E+02 5.01E+02 4.70E+02 4.05E+02 3.24E+02 2.41E+02 1.67E+02 1.09E+02 6.71E+01 3.88E+01 2.11E+01 1.09E+01 5.27E+00 2.42E+00 1.05E+00 4.29E-01 1.66E-01 6.10E-02 2.12E-02 6.97E-03 2.17E-03 6.39E-04 1.78E-04 4.72E-05 1.18E-05 2.80E-06 6.30E-07 
   2.25  0.516  3.66E+03 5.87E+03 5.87E+03 1.41E+02 4.03E+02 6.10E+02 7.38E+02 7.83E+02 7.51E+02 6.64E+02 5.46E+02 4.21E+02 3.04E+02 2.07E+02 1.34E+02 8.12E+01 4.68E+01 2.56E+01 1.32E+01 6.50E+00 3.03E+00 1.34E+00 5.65E-01 2.26E-01 8.59E-02 3.10E-02 1.07E-02 3.48E-03 1.08E-03 3.20E-04 9.02E-05 2.41E-05 6.15E-06 
   2.50  0.505  6.10E+03 9.77E+03 9.77E+03 2.17E+02 6.22E+02 9.49E+02 1.16E+03 1.25E+03 1.22E+03 1.10E+03 9.31E+02 7.38E+02 5.52E+02 3.90E+02 2.62E+02 1.66E+02 1.00E+02 5.77E+01 3.16E+01 1.64E+01 8.16E+00 3.86E+00 1.74E+00 7.49E-01 3.08E-01 1.20E-01 4.50E-02 1.61E-02 5.47E-03 1.78E-03 5.53E-04 1.64E-04 4.65E-05 
   2.75  0.463  1.06E+04 1.79E+04 1.79E+04 3.70E+02 1.06E+03 1.63E+03 2.02E+03 2.20E+03 2.18E+03 2.01E+03 1.73E+03 1.41E+03 1.08E+03 7.91E+02 5.48E+02 3.62E+02 2.28E+02 1.37E+02 7.85E+01 4.30E+01 2.25E+01 1.13E+01 5.39E+00 2.47E+00 1.08E+00 4.55E-01 1.83E-01 7.03E-02 2.59E-02 9.14E-03 3.09E-03 1.00E-03 3.11E-04 
   3.00  0.441  1.86E+04 3.19E+04 3.19E+04 6.16E+02 1.78E+03 2.74E+03 3.42E+03 3.76E+03 3.79E+03 3.55E+03 3.12E+03 2.59E+03 2.04E+03 1.53E+03 1.09E+03 7.47E+02 4.87E+02 3.04E+02 1.82E+02 1.04E+02 5.70E+01 3.00E+01 1.51E+01 7.31E+00 3.39E+00 1.51E+00 6.47E-01 2.66E-01 1.05E-01 3.97E-02 1.45E-02 5.06E-03 1.70E-03 
   3.25  0.584  2.98E+04 4.50E+04 4.50E+04 8.15E+02 2.36E+03 3.66E+03 4.59E+03 5.10E+03 5.20E+03 4.94E+03 4.41E+03 3.74E+03 3.01E+03 2.31E+03 1.70E+03 1.19E+03 8.01E+02 5.17E+02 3.20E+02 1.90E+02 1.09E+02 5.97E+01 3.15E+01 1.60E+01 7.80E+00 3.67E+00 1.66E+00 7.21E-01 3.02E-01 1.22E-01 4.73E-02 1.77E-02 6.37E-03 
   3.50  0.666  4.59E+04 6.45E+04 6.45E+04 1.10E+03 3.19E+03 4.97E+03 6.28E+03 7.04E+03 7.24E+03 6.97E+03 6.32E+03 5.45E+03 4.47E+03 3.51E+03 2.63E+03 1.90E+03 1.31E+03 8.72E+02 5.57E+02 3.43E+02 2.03E+02 1.16E+02 6.36E+01 3.37E+01 1.72E+01 8.45E+00 4.01E+00 1.84E+00 8.11E-01 3.46E-01 1.42E-01 5.64E-02 2.16E-02 
   3.75  0.700  7.10E+04 1.00E+05 1.00E+05 1.62E+03 4.71E+03 7.35E+03 9.34E+03 1.06E+04 1.10E+04 1.07E+04 9.81E+03 8.58E+03 7.16E+03 5.73E+03 4.39E+03 3.23E+03 2.29E+03 1.56E+03 1.03E+03 6.52E+02 3.98E+02 2.35E+02 1.34E+02 7.36E+01 3.91E+01 2.00E+01 9.93E+00 4.76E+00 2.20E+00 9.85E-01 4.26E-01 1.78E-01 7.21E-02 
   4.00  0.578  1.11E+05 1.59E+05 1.59E+05 2.43E+03 7.07E+03 1.11E+04 1.42E+04 1.61E+04 1.69E+04 1.66E+04 1.54E+04 1.37E+04 1.16E+04 9.42E+03 7.36E+03 5.53E+03 4.01E+03 2.80E+03 1.89E+03 1.23E+03 7.73E+02 4.70E+02 2.76E+02 1.57E+02 8.65E+01 4.60E+01 2.37E+01 1.18E+01 5.71E+00 2.67E+00 1.21E+00 5.30E-01 2.25E-01 
   4.25  0.545  1.74E+05 2.51E+05 2.51E+05 3.65E+03 1.06E+04 1.67E+04 2.15E+04 2.46E+04 2.59E+04 2.57E+04 2.42E+04 2.17E+04 1.87E+04 1.54E+04 1.22E+04 9.36E+03 6.92E+03 4.94E+03 3.41E+03 2.27E+03 1.47E+03 9.17E+02 5.55E+02 3.25E+02 1.85E+02 1.02E+02 5.42E+01 2.81E+01 1.41E+01 6.84E+00 3.23E+00 1.48E+00 6.55E-01 
   4.50  0.545  2.73E+05 3.97E+05 3.97E+05 5.51E+03 1.61E+04 2.53E+04 3.26E+04 3.75E+04 3.99E+04 3.99E+04 3.79E+04 3.44E+04 2.99E+04 2.50E+04 2.02E+04 1.57E+04 1.18E+04 8.60E+03 6.06E+03 4.13E+03 2.73E+03 1.75E+03 1.09E+03 6.54E+02 3.83E+02 2.17E+02 1.20E+02 6.39E+01 3.32E+01 1.67E+01 8.19E+00 3.89E+00 1.80E+00 
   4.75  0.545  4.30E+05 6.28E+05 6.28E+05 8.32E+03 2.43E+04 3.84E+04 4.97E+04 5.74E+04 6.14E+04 6.19E+04 5.93E+04 5.43E+04 4.78E+04 4.05E+04 3.31E+04 2.62E+04 2.00E+04 1.48E+04 1.06E+04 7.40E+03 4.99E+03 3.27E+03 2.08E+03 1.29E+03 7.72E+02 4.50E+02 2.55E+02 1.41E+02 7.53E+01 3.92E+01 1.99E+01 9.78E+00 4.68E+00 
   5.00  0.545  6.78E+05 9.93E+05 9.93E+05 1.26E+04 3.68E+04 5.83E+04 7.57E+04 8.79E+04 9.46E+04 9.60E+04 9.27E+04 8.57E+04 7.62E+04 6.53E+04 5.41E+04 4.33E+04 3.36E+04 2.53E+04 1.85E+04 1.31E+04 9.00E+03 6.02E+03 3.92E+03 2.48E+03 1.52E+03 9.10E+02 5.30E+02 3.00E+02 1.65E+02 8.87E+01 4.63E+01 2.36E+01 1.17E+01 
   5.50  0.545  1.92E+06 2.48E+06 2.48E+06 2.90E+04 8.50E+04 1.35E+05 1.76E+05 2.07E+05 2.25E+05 2.31E+05 2.26E+05 2.12E+05 1.92E+05 1.68E+05 1.42E+05 1.17E+05 9.30E+04 7.20E+04 5.41E+04 3.96E+04 2.82E+04 1.96E+04 1.32E+04 8.71E+03 5.59E+03 3.49E+03 2.13E+03 1.27E+03 7.33E+02 4.15E+02 2.29E+02 1.23E+02 6.46E+01 
   6.00  0.545  5.03E+06 6.21E+06 6.21E+06 6.72E+04 1.97E+05 3.15E+05 4.13E+05 4.87E+05 5.34E+05 5.54E+05 5.49E+05 5.23E+05 4.81E+05 4.28E+05 3.69E+05 3.09E+05 2.52E+05 2.00E+05 1.54E+05 1.16E+05 8.51E+04 6.09E+04 4.25E+04 2.90E+04 1.93E+04 1.25E+04 7.93E+03 4.91E+03 2.97E+03 1.76E+03 1.02E+03 5.73E+02 3.16E+02 
   6.50  0.545  1.28E+07 1.55E+07 1.55E+07 1.57E+05 4.60E+05 7.37E+05 9.71E+05 1.15E+06 1.27E+06 1.33E+06 1.33E+06 1.29E+06 1.20E+06 1.08E+06 9.49E+05 8.09E+05 6.72E+05 5.44E+05 4.29E+05 3.31E+05 2.49E+05 1.83E+05 1.31E+05 9.22E+04 6.32E+04 4.24E+04 2.78E+04 1.79E+04 1.12E+04 6.90E+03 4.15E+03 2.44E+03 1.41E+03 
   7.00  0.545  3.22E+07 3.88E+07 3.88E+07 3.66E+05 1.08E+06 1.73E+06 2.29E+06 2.73E+06 3.04E+06 3.20E+06 3.24E+06 3.15E+06 2.97E+06 2.72E+06 2.42E+06 2.10E+06 1.77E+06 1.46E+06 1.17E+06 9.24E+05 7.10E+05 5.34E+05 3.93E+05 2.83E+05 2.00E+05 1.38E+05 9.32E+04 6.17E+04 4.00E+04 2.54E+04 1.58E+04 9.67E+03 5.78E+03 
   7.50  0.545  8.08E+07 9.71E+07 9.71E+07 8.61E+05 2.54E+06 4.08E+06 5.42E+06 6.49E+06 7.26E+06 7.71E+06 7.85E+06 7.72E+06 7.35E+06 6.80E+06 6.13E+06 5.38E+06 4.61E+06 3.86E+06 3.16E+06 2.53E+06 1.99E+06 1.53E+06 1.15E+06 8.45E+05 6.10E+05 4.32E+05 3.00E+05 2.04E+05 1.36E+05 8.91E+04 5.72E+04 3.61E+04 2.23E+04 
   8.00  0.545  2.02E+08 2.43E+08 2.43E+08 2.03E+06 5.99E+06 9.66E+06 1.29E+07 1.55E+07 1.74E+07 1.86E+07 1.91E+07 1.89E+07 1.81E+07 1.70E+07 1.55E+07 1.37E+07 1.19E+07 1.01E+07 8.42E+06 6.86E+06 5.47E+06 4.28E+06 3.28E+06 2.46E+06 1.82E+06 1.32E+06 9.34E+05 6.51E+05 4.46E+05 3.00E+05 1.98E+05 1.28E+05 8.16E+04 
   8.50  0.545  5.06E+08 6.07E+08 6.07E+08 4.81E+06 1.42E+07 2.29E+07 3.06E+07 3.69E+07 4.17E+07 4.48E+07 4.62E+07 4.62E+07 4.47E+07 4.22E+07 3.88E+07 3.49E+07 3.06E+07 2.64E+07 2.22E+07 1.83E+07 1.49E+07 1.18E+07 9.20E+06 7.04E+06 5.29E+06 3.91E+06 2.83E+06 2.02E+06 1.41E+06 9.73E+05 6.58E+05 4.37E+05 2.86E+05 
   9.00  0.545  1.26E+09 1.52E+09 1.52E+09 1.14E+07 3.37E+07 5.45E+07 7.29E+07 8.83E+07 1.00E+08 1.08E+08 1.12E+08 1.13E+08 1.10E+08 1.05E+08 9.71E+07 8.81E+07 7.82E+07 6.81E+07 5.81E+07 4.86E+07 3.99E+07 3.22E+07 2.55E+07 1.98E+07 1.51E+07 1.14E+07 8.41E+06 6.11E+06 4.36E+06 3.07E+06 2.12E+06 1.44E+06 9.64E+05 
   9.50  0.545  3.16E+09 3.79E+09 3.79E+09 2.71E+07 8.02E+07 1.30E+08 1.74E+08 2.12E+08 2.41E+08 2.61E+08 2.72E+08 2.75E+08 2.71E+08 2.59E+08 2.42E+08 2.22E+08 1.99E+08 1.75E+08 1.51E+08 1.28E+08 1.06E+08 8.67E+07 6.96E+07 5.49E+07 4.26E+07 3.26E+07 2.45E+07 1.81E+07 1.32E+07 9.42E+06 6.64E+06 4.61E+06 3.15E+06 
  10.00  0.545  7.90E+09 9.49E+09 9.49E+09 6.47E+07 1.91E+08 3.10E+08 4.17E+08 5.08E+08 5.80E+08 6.31E+08 6.62E+08 6.72E+08 6.65E+08 6.41E+08 6.04E+08 5.57E+08 5.04E+08 4.47E+08 3.89E+08 3.33E+08 2.80E+08 2.31E+08 1.88E+08 1.51E+08 1.19E+08 9.18E+07 7.01E+07 5.26E+07 3.89E+07 2.84E+07 2.03E+07 1.44E+07 1.00E+07 
  11.00  0.545  6.72E+10 5.93E+10 5.93E+10 3.70E+08 1.10E+09 1.78E+09 2.40E+09 2.94E+09 3.37E+09 3.70E+09 3.91E+09 4.01E+09 4.00E+09 3.91E+09 3.73E+09 3.49E+09 3.20E+09 2.89E+09 2.56E+09 2.23E+09 1.91E+09 1.61E+09 1.34E+09 1.10E+09 8.86E+08 7.04E+08 5.51E+08 4.26E+08 3.24E+08 2.43E+08 1.80E+08 1.32E+08 9.48E+07 
  12.00  0.545  4.37E+11 3.70E+11 3.70E+11 2.13E+09 6.32E+09 1.03E+10 1.39E+10 1.71E+10 1.97E+10 2.17E+10 2.31E+10 2.39E+10 2.41E+10 2.37E+10 2.29E+10 2.17E+10 2.02E+10 1.84E+10 1.66E+10 1.47E+10 1.28E+10 1.10E+10 9.30E+09 7.76E+09 6.39E+09 5.19E+09 4.16E+09 3.29E+09 2.57E+09 1.98E+09 1.50E+09 1.13E+09 8.35E+08 
  13.00  0.545  2.75E+12 2.31E+12 2.31E+12 1.23E+10 3.67E+10 5.98E+10 8.11E+10 9.99E+10 1.16E+11 1.28E+11 1.37E+11 1.43E+11 1.45E+11 1.44E+11 1.40E+11 1.34E+11 1.26E+11 1.17E+11 1.06E+11 9.52E+10 8.42E+10 7.34E+10 6.32E+10 5.36E+10 4.49E+10 3.72E+10 3.04E+10 2.45E+10 1.95E+10 1.54E+10 1.19E+10 9.17E+09 6.96E+09 
  14.00  0.545  1.73E+13 1.45E+13 1.45E+13 7.24E+10 2.15E+11 3.51E+11 4.77E+11 5.90E+11 6.86E+11 7.63E+11 8.21E+11 8.59E+11 8.78E+11 8.78E+11 8.62E+11 8.31E+11 7.89E+11 7.37E+11 6.78E+11 6.16E+11 5.51E+11 4.87E+11 4.25E+11 3.66E+11 3.11E+11 2.61E+11 2.17E+11 1.78E+11 1.45E+11 1.16E+11 9.19E+10 7.21E+10 5.59E+10 
  15.00  0.545  1.09E+14 9.14E+13 9.14E+13 4.26E+11 1.27E+12 2.07E+12 2.82E+12 3.49E+12 4.08E+12 4.55E+12 4.92E+12 5.18E+12 5.32E+12 5.36E+12 5.29E+12 5.14E+12 4.92E+12 4.64E+12 4.31E+12 3.95E+12 3.57E+12 3.19E+12 2.82E+12 2.46E+12 2.12E+12 1.81E+12 1.52E+12 1.27E+12 1.04E+12 8.52E+11 6.87E+11 5.48E+11 4.33E+11 
  16.00  0.545  6.83E+14 5.74E+14 5.74E+14 2.52E+12 7.49E+12 1.23E+13 1.67E+13 2.08E+13 2.43E+13 2.72E+13 2.95E+13 3.12E+13 3.22E+13 3.26E+13 3.24E+13 3.17E+13 3.06E+13 2.90E+13 2.72E+13 2.52E+13 2.30E+13 2.08E+13 1.85E+13 1.63E+13 1.42E+13 1.23E+13 1.05E+13 8.85E+12 7.40E+12 6.12E+12 5.01E+12 4.06E+12 3.26E+12 
  17.00  0.545  4.29E+15 3.61E+15 3.61E+15 1.49E+13 4.44E+13 7.28E+13 9.95E+13 1.24E+14 1.45E+14 1.63E+14 1.78E+14 1.88E+14 1.95E+14 1.99E+14 1.99E+14 1.96E+14 1.90E+14 1.81E+14 1.71E+14 1.60E+14 1.47E+14 1.34E+14 1.21E+14 1.07E+14 9.46E+13 8.25E+13 7.12E+13 6.09E+13 5.15E+13 4.31E+13 3.58E+13 2.94E+13 2.39E+13 
  18.00  0.545  2.69E+16 2.27E+16 2.27E+16 8.88E+13 2.64E+14 4.34E+14 5.93E+14 7.39E+14 8.68E+14 9.79E+14 1.07E+15 1.14E+15 1.19E+15 1.21E+15 1.22E+15 1.20E+15 1.17E+15 1.13E+15 1.07E+15 1.01E+15 9.35E+14 8.59E+14 7.80E+14 7.01E+14 6.23E+14 5.49E+14 4.78E+14 4.13E+14 3.53E+14 2.99E+14 2.51E+14 2.09E+14 1.72E+14 
  19.00  0.545  1.69E+17 1.42E+17 1.42E+17 5.29E+14 1.58E+15 2.59E+15 3.54E+15 4.42E+15 5.21E+15 5.89E+15 6.45E+15 6.88E+15 7.19E+15 7.38E+15 7.45E+15 7.40E+15 7.26E+15 7.02E+15 6.71E+15 6.34E+15 5.93E+15 5.48E+15 5.01E+15 4.54E+15 4.07E+15 3.62E+15 3.18E+15 2.77E+15 2.40E+15 2.05E+15 1.74E+15 1.46E+15 1.22E+15 
  20.00  0.545  1.06E+18 8.93E+17 8.93E+17 3.16E+15 9.42E+15 1.55E+16 2.12E+16 2.65E+16 3.13E+16 3.54E+16 3.89E+16 4.17E+16 4.37E+16 4.50E+16 4.56E+16 4.55E+16 4.48E+16 4.36E+16 4.19E+16 3.98E+16 3.74E+16 3.48E+16 3.21E+16 2.92E+16 2.64E+16 2.37E+16 2.10E+16 1.85E+16 1.61E+16 1.39E+16 1.19E+16 1.01E+16 8.53E+15 
  22.50  0.545  2.21E+20 8.80E+19 8.80E+19 2.78E+17 8.30E+17 1.37E+18 1.88E+18 2.35E+18 2.78E+18 3.17E+18 3.50E+18 3.77E+18 3.98E+18 4.13E+18 4.22E+18 4.25E+18 4.22E+18 4.15E+18 4.04E+18 3.88E+18 3.70E+18 3.49E+18 3.26E+18 3.02E+18 2.77E+18 2.52E+18 2.28E+18 2.04E+18 1.81E+18 1.60E+18 1.40E+18 1.21E+18 1.04E+18 
  25.00  0.545  2.19E+22 8.66E+21 8.66E+21 2.47E+19 7.38E+19 1.22E+20 1.67E+20 2.10E+20 2.50E+20 2.85E+20 3.16E+20 3.42E+20 3.63E+20 3.79E+20 3.90E+20 3.96E+20 3.97E+20 3.94E+20 3.86E+20 3.75E+20 3.61E+20 3.44E+20 3.26E+20 3.05E+20 2.84E+20 2.62E+20 2.40E+20 2.18E+20 1.97E+20 1.76E+20 1.57E+20 1.38E+20 1.21E+20 
  30.00  0.545  4.18E+26 8.35E+25 8.35E+25 2.00E+23 5.97E+23 9.86E+23 1.36E+24 1.72E+24 2.05E+24 2.35E+24 2.62E+24 2.86E+24 3.06E+24 3.23E+24 3.35E+24 3.44E+24 3.49E+24 3.51E+24 3.49E+24 3.44E+24 3.36E+24 3.26E+24 3.14E+24 3.00E+24 2.84E+24 2.68E+24 2.50E+24 2.33E+24 2.15E+24 1.97E+24 1.80E+24 1.63E+24 1.47E+24 
